-1.161971,283;0.686136,-4582;-1.128108,2423;-0.242002,-308;-1.575257,-71;-1.163895,-112;
-1.161989,283;0.686140,-4582;-1.128105,2423;-0.242002,-308;-1.575257,-72;-1.163895,-112;
-1.161989,297;0.686140,-4586;-1.128105,2420;-0.242002,-309;-1.575257,-71;-1.163895,-112;
-1.161989,305;0.686140,-4588;-1.128105,2417;-0.242002,-309;-1.575257,-71;-1.163895,-111;
-1.161989,306;0.686140,-4607;-1.128105,2384;-0.242002,-310;-1.575257,-72;-1.163895,-112;
-1.161986,308;0.686140,-4640;-1.128105,2324;-0.242002,-319;-1.575257,-72;-1.163895,-111;
-1.161989,311;0.686136,-4691;-1.128105,2239;-0.242002,-327;-1.575257,-72;-1.163895,-106;
-1.161986,339;0.686136,-4766;-1.128108,2120;-0.242002,-337;-1.575257,-72;-1.163895,-102;
-1.161986,373;0.686136,-4853;-1.128111,1961;-0.242005,-350;-1.575257,-73;-1.163891,-96;
-1.161986,396;0.686133,-4966;-1.128114,1779;-0.242005,-369;-1.575257,-72;-1.163891,-93;
-1.161986,428;0.686130,-5107;-1.128127,1571;-0.242013,-393;-1.575257,-73;-1.163887,-84;
-1.161983,475;0.686127,-5266;-1.128148,1341;-0.242016,-415;-1.575257,-73;-1.163887,-77;
-1.161983,516;0.686121,-5471;-1.128191,1149;-0.242024,-443;-1.575257,-73;-1.163884,-66;
-1.161983,584;0.686109,-5691;-1.128277,1050;-0.242031,-479;-1.575257,-73;-1.163880,-53;
-1.161980,644;0.686094,-5911;-1.128405,1035;-0.242042,-515;-1.575257,-73;-1.163876,-41;
-1.161974,711;0.686066,-6157;-1.128561,1017;-0.242057,-559;-1.575257,-73;-1.163873,-25;
-1.161968,785;0.686023,-6363;-1.128763,993;-0.242079,-606;-1.575257,-73;-1.163865,-5;
-1.161959,862;0.685947,-6491;-1.129005,994;-0.242105,-653;-1.575257,-73;-1.163858,14;
-1.161950,931;0.685833,-6556;-1.129275,1003;-0.242138,-706;-1.575257,-73;-1.163847,30;
-1.161931,1010;0.685699,-6654;-1.129602,1016;-0.242178,-765;-1.575257,-73;-1.163836,50;
-1.161901,1031;0.685543,-6759;-1.129964,1014;-0.242259,-801;-1.575257,-72;-1.163821,73;
-1.161855,1022;0.685356,-6871;-1.130349,979;-0.242413,-757;-1.575257,-73;-1.163807,97;
-1.161803,1025;0.685132,-6926;-1.130793,942;-0.242600,-722;-1.575257,-73;-1.163785,127;
-1.161741,1046;0.684872,-6951;-1.131277,918;-0.242827,-686;-1.575257,-73;-1.163766,157;
-1.161674,1072;0.684584,-6944;-1.131782,850;-0.243077,-659;-1.575257,-73;-1.163741,190;
-1.161607,1120;0.684241,-6916;-1.132364,763;-0.243359,-633;-1.575257,-73;-1.163711,224;
-1.161527,1154;0.683865,-6874;-1.132992,722;-0.243645,-613;-1.575257,-73;-1.163682,259;
-1.161435,1155;0.683476,-6860;-1.133671,659;-0.243968,-598;-1.575257,-73;-1.163642,295;
-1.161337,1157;0.683029,-6843;-1.134367,629;-0.244320,-578;-1.575257,-73;-1.163550,279;
-1.161215,1144;0.682545,-6823;-1.135138,510;-0.244676,-561;-1.575257,-73;-1.163411,228;
-1.161089,1115;0.682049,-6834;-1.135980,448;-0.245076,-540;-1.575257,-72;-1.163264,199;
-1.160951,1102;0.681480,-6788;-1.136834,423;-0.245501,-523;-1.575257,-73;-1.163117,190;
-1.160808,1080;0.680873,-6706;-1.137783,349;-0.245941,-509;-1.575257,-72;-1.162956,184;
-1.160651,1079;0.680237,-6704;-1.138809,319;-0.246378,-515;-1.575257,-72;-1.162791,179;
-1.160483,1098;0.679600,-6693;-1.139914,348;-0.246851,-518;-1.575257,-72;-1.162614,184;
-1.160324,1128;0.678895,-6682;-1.141035,382;-0.247346,-523;-1.575257,-73;-1.162439,184;
-1.160152,1187;0.678154,-6724;-1.142272,343;-0.247834,-538;-1.575257,-73;-1.162251,189;
-1.159966,1213;0.677423,-6774;-1.143570,356;-0.248362,-561;-1.575257,-72;-1.162050,194;
-1.159770,1232;0.676627,-6898;-1.144948,371;-0.248920,-568;-1.575257,-72;-1.161841,197;
-1.159574,1273;0.675779,-6963;-1.146316,364;-0.249492,-561;-1.575257,-72;-1.161631,204;
-1.159353,1293;0.674882,-6922;-1.147801,175;-0.250108,-579;-1.575257,-73;-1.161404,208;
-1.159121,1289;0.673984,-6936;-1.149390,169;-0.250761,-583;-1.575257,-72;-1.161166,216;
-1.158885,1295;0.673008,-7001;-1.150979,213;-0.251454,-573;-1.575257,-72;-1.160927,219;
-1.158622,1282;0.671988,-7092;-1.152712,177;-0.252133,-572;-1.575257,-72;-1.160663,227;
-1.158346,1274;0.670959,-7160;-1.154540,170;-0.252881,-575;-1.575257,-73;-1.160392,231;
-1.158052,1268;0.669820,-7102;-1.156438,178;-0.253659,-580;-1.575257,-73;-1.160106,239;
-1.157764,1262;0.668633,-7026;-1.158325,90;-0.254422,-596;-1.575257,-73;-1.159819,243;
-1.157452,1286;0.667399,-7053;-1.160391,6;-0.255258,-602;-1.575257,-72;-1.159508,246;
-1.157124,1296;0.666186,-7083;-1.162449,66;-0.256142,-605;-1.575257,-72;-1.159192,247;
-1.156797,1293;0.664867,-7126;-1.164678,-7;-0.257059,-590;-1.575257,-76;-1.158847,246;
-1.156435,1301;0.663483,-7142;-1.167020,8;-0.257994,-563;-1.575257,-75;-1.158488,249;
-1.156062,1293;0.662114,-7138;-1.169436,22;-0.258992,-559;-1.575257,-74;-1.158110,251;
-1.155673,1283;0.660635,-7197;-1.171830,-14;-0.260023,-556;-1.575257,-73;-1.157740,255;
-1.155293,1311;0.659092,-7210;-1.174435,-78;-0.261010,-597;-1.575257,-73;-1.157336,259;
-1.154883,1365;0.657485,-7135;-1.177136,51;-0.262095,-614;-1.575257,-73;-1.156918,263;
-1.154461,1416;0.655914,-7208;-1.179790,25;-0.263207,-626;-1.575257,-73;-1.156500,261;
-1.154047,1481;0.654212,-7239;-1.182672,11;-0.264358,-630;-1.575257,-73;-1.156041,253;
-1.153597,1528;0.652442,-7106;-1.185626,62;-0.265507,-620;-1.575257,-73;-1.155554,237;
-1.153132,1557;0.650724,-7202;-1.188660,6;-0.266710,-650;-1.575257,-73;-1.155047,217;
-1.152669,1588;0.648869,-7305;-1.191639,65;-0.267957,-668;-1.575257,-73;-1.154552,208;
-1.152167,1611;0.646955,-7233;-1.194827,5;-0.269193,-645;-1.575257,-72;-1.154017,204;
-1.151674,1657;0.645082,-7272;-1.197962,-66;-0.270543,-608;-1.575257,-73;-1.153492,197;
-1.151142,1705;0.643052,-7194;-1.201339,-155;-0.271860,-583;-1.575257,-73;-1.152935,195;
-1.150587,1726;0.641055,-7008;-1.204799,-43;-0.273253,-605;-1.575257,-77;-1.152362,197;
-1.150015,1716;0.638928,-6933;-1.208164,-134;-0.274680,-600;-1.575257,-76;-1.151797,193;
-1.149461,1747;0.636729,-6875;-1.211764,-327;-0.276133,-603;-1.575257,-76;-1.151196,191;
-1.148864,1827;0.634512,-6872;-1.215447,-249;-0.277549,-612;-1.575257,-75;-1.150576,190;
-1.148251,1835;0.632363,-7008;-1.219210,-254;-0.279042,-626;-1.575257,-75;-1.149938,187;
-1.147645,1846;0.630067,-7175;-1.222881,-129;-0.280589,-607;-1.575257,-75;-1.149318,184;
-1.146984,1814;0.627715,-7135;-1.226773,-218;-0.282082,-592;-1.575257,-75;-1.148658,193;
-1.146304,1761;0.625422,-7171;-1.230778,-208;-0.283689,-565;-1.575257,-75;-1.147990,205;
-1.145609,1771;0.622976,-7242;-1.234663,-110;-0.285321,-558;-1.575257,-75;-1.147337,216;
-1.144935,1769;0.620474,-7112;-1.238781,-242;-0.286884,-567;-1.575257,-75;-1.146637,225;
-1.144222,1820;0.617942,-7173;-1.242994,-333;-0.288534,-601;-1.575257,-75;-1.145918,224;
-1.143490,1857;0.615465,-7076;-1.247284,-152;-0.290233,-594;-1.575257,-75;-1.145177,219;
-1.142780,1915;0.612835,-7055;-1.251429,-227;-0.291953,-574;-1.575257,-75;-1.144454,212;
-1.142027,2042;0.610138,-6994;-1.255856,-320;-0.293615,-578;-1.575257,-75;-1.143676,213;
-1.141255,2125;0.607523,-6901;-1.260351,-219;-0.295412,-537;-1.575257,-75;-1.142873,204;
-1.140459,2134;0.604740,-6834;-1.264689,-413;-0.297206,-523;-1.575257,-79;-1.142092,195;
-1.139672,2123;0.601917,-6903;-1.269325,-470;-0.298919,-570;-1.575257,-79;-1.141263,194;
-1.138818,2084;0.599060,-6876;-1.274028,-243;-0.300723,-614;-1.575257,-78;-1.140412,197;
-1.137952,2055;0.596317,-7108;-1.278774,-353;-0.302572,-589;-1.575257,-77;-1.139539,190;
-1.137113,2094;0.593381,-7200;-1.283378,-220;-0.304424,-617;-1.575257,-77;-1.138688,189;
-1.136207,2114;0.590393,-7083;-1.288240,-298;-0.306225,-603;-1.575257,-76;-1.137782,190;
-1.135285,2101;0.587499,-7067;-1.293179,-424;-0.308140,-581;-1.575257,-76;-1.136861,192;
-1.134342,2111;0.584401,-6981;-1.297968,-305;-0.310077,-576;-1.575257,-77;-1.135970,207;
-1.133426,2168;0.581275,-6891;-1.303007,-387;-0.311940,-566;-1.575257,-77;-1.135016,216;
-1.132456,2208;0.578109,-6904;-1.308136,-513;-0.313910,-566;-1.575257,-77;-1.134044,218;
-1.131470,2280;0.575032,-6932;-1.313102,-394;-0.315905,-563;-1.575257,-76;-1.133091,218;
-1.130487,2224;0.571777,-6777;-1.318328,-517;-0.317882,-588;-1.575257,-77;-1.132071,214;
-1.129434,2126;0.568504,-6914;-1.323656,-460;-0.319797,-613;-1.575257,-77;-1.131033,212;
-1.128356,2093;0.565357,-6969;-1.329038,-256;-0.321840,-600;-1.575257,-77;-1.129965,205;
-1.127315,2093;0.562014,-6997;-1.334206,-396;-0.323883,-590;-1.575257,-77;-1.128927,189;
-1.126228,2220;0.558603,-6941;-1.339681,-566;-0.325846,-610;-1.575257,-77;-1.127823,191;
-1.125111,2266;0.555296,-6756;-1.345195,-520;-0.327936,-592;-1.575257,-77;-1.126693,183;
-1.123960,2208;0.551815,-6721;-1.350532,-595;-0.329994,-635;-1.575257,-77;-1.125597,184;
-1.122851,2239;0.548291,-6830;-1.356181,-539;-0.332001,-634;-1.575257,-76;-1.124430,185;
-1.121682,2389;0.544739,-6791;-1.361884,-341;-0.334132,-610;-1.575257,-77;-1.123242,192;
-1.120500,2499;0.541310,-6916;-1.367607,-494;-0.336263,-605;-1.575257,-77;-1.122046,199;
-1.119336,2544;0.537673,-6920;-1.373124,-398;-0.338383,-633;-1.575257,-77;-1.120880,213;
-1.118072,2464;0.534017,-6886;-1.378942,-418;-0.340408,-658;-1.575257,-77;-1.119622,214;
-1.116783,2337;0.530481,-6949;-1.384829,-501;-0.342572,-633;-1.575257,-72;-1.118349,206;
-1.115491,2390;0.526721,-6935;-1.390487,-431;-0.344769,-594;-1.575257,-72;-1.117102,198;
-1.114248,2490;0.522915,-6722;-1.396412,-666;-0.346896,-528;-1.575257,-73;-1.115770,194;
-1.112919,2562;0.519085,-6715;-1.402428,-784;-0.349068,-570;-1.575257,-73;-1.114420,185;
-1.111547,2534;0.515408,-6677;-1.408245,-483;-0.351280,-574;-1.575257,-73;-1.113104,183;
-1.110215,2486;0.511535,-6740;-1.414354,-482;-0.353470,-587;-1.575257,-73;-1.111702,186;
-1.108813,2581;0.507594,-6736;-1.420511,-660;-0.355597,-572;-1.575257,-73;-1.110297,199;
-1.107377,2651;0.503794,-6564;-1.426702,-533;-0.357835,-552;-1.575257,-73;-1.108871,220;
-1.105904,2545;0.499811,-6680;-1.432663,-569;-0.360054,-561;-1.575257,-74;-1.107480,218;
-1.104465,2480;0.495779,-6792;-1.438955,-619;-0.362177,-577;-1.575253,-69;-1.105995,226;
-1.102931,2475;0.491716,-6719;-1.445277,-482;-0.364408,-587;-1.575253,-72;-1.104476,221;
-1.101388,2484;0.487800,-6750;-1.451333,-637;-0.366638,-581;-1.575257,-70;-1.102998,209;
-1.099891,2566;0.483663,-6791;-1.457745,-647;-0.368853,-622;-1.575257,-67;-1.101424,199;
-1.098287,2595;0.479478,-6609;-1.464199,-443;-0.371028,-544;-1.575253,-72;-1.099818,202;
-1.096661,2571;0.475452,-6616;-1.470647,-584;-0.373266,-549;-1.575257,-67;-1.098204,207;
-1.095087,2649;0.471190,-6583;-1.476838,-557;-0.375518,-559;-1.575253,-70;-1.096634,227;
-1.093410,2732;0.466910,-6492;-1.483350,-565;-0.377719,-616;-1.575257,-67;-1.094950,236;
-1.091704,2740;0.462822,-6746;-1.489930,-580;-0.379861,-609;-1.575253,-64;-1.093245,229;
-1.089974,2793;0.458493,-6871;-1.496237,-425;-0.382113,-603;-1.575253,-70;-1.091576,219;
-1.088296,2810;0.454096,-6589;-1.502826,-651;-0.384376,-552;-1.575257,-65;-1.089793,211;
-1.086505,2826;0.449687,-6544;-1.509497,-720;-0.386485,-618;-1.575253,-65;-1.087985,198;
-1.084674,2802;0.445435,-6355;-1.516196,-508;-0.388741,-595;-1.575249,-63;-1.086155,203;
-1.082895,2764;0.440971,-6314;-1.522598,-672;-0.390964,-601;-1.575253,-63;-1.084390,216;
-1.081012,2841;0.436464,-6380;-1.529350,-844;-0.393092,-607;-1.575253,-61;-1.082512,227;
-1.079093,2913;0.432140,-6337;-1.536156,-490;-0.395303,-651;-1.575253,-61;-1.080583,225;
-1.077139,2885;0.427612,-6497;-1.542659,-499;-0.397526,-632;-1.575253,-59;-1.078708,209;
-1.075247,2938;0.423032,-6638;-1.549499,-660;-0.399643,-638;-1.575253,-59;-1.076717,204;
-1.073233,3042;0.418402,-6426;-1.556345,-615;-0.401888,-594;-1.575253,-57;-1.074685,205;
-1.071175,2984;0.413960,-6438;-1.563225,-681;-0.404092,-602;-1.575253,-57;-1.072638,211;
-1.069087,2997;0.409266,-6509;-1.569860,-667;-0.406307,-591;-1.575249,-57;-1.070646,229;
-1.067045,3018;0.404545,-6309;-1.576797,-492;-0.408431,-536;-1.575253,-50;-1.068519,235;
-1.064880,3002;0.400014,-6334;-1.583726,-669;-0.410614,-554;-1.575249,-50;-1.066354,215;
-1.062688,3043;0.395237,-6418;-1.590389,-397;-0.412763,-621;-1.575253,-52;-1.064245,210;
-1.060566,3069;0.390436,-6345;-1.597345,-526;-0.414847,-573;-1.575249,-45;-1.062001,210;
-1.058328,3234;0.385617,-6402;-1.604338,-674;-0.416992,-596;-1.575249,-46;-1.059737,220;
-1.056032,3321;0.380973,-6199;-1.611043,-533;-0.419168,-553;-1.575249,-48;-1.057537,238;
-1.053784,3145;0.376098,-6174;-1.618061,-589;-0.421317,-537;-1.575249,-45;-1.055182,236;
-1.051393,3115;0.371172,-6205;-1.625121,-711;-0.423364,-520;-1.575249,-41;-1.052790,221;
-1.048974,3235;0.366426,-5960;-1.632172,-695;-0.425480,-536;-1.575249,-38;-1.050351,214;
-1.046522,3303;0.361466,-5980;-1.638935,-727;-0.427549,-572;-1.575249,-36;-1.048003,216;
-1.044143,3415;0.356494,-6279;-1.646060,-698;-0.429519,-613;-1.575249,-34;-1.045513,240;
-1.041589,3448;0.351491,-6239;-1.653194,-460;-0.431595,-595;-1.575249,-31;-1.042964,249;
-1.039002,3406;0.346678,-6290;-1.659982,-671;-0.433682,-534;-1.575249,-29;-1.040488,231;
-1.036486,3464;0.341586,-6262;-1.667137,-719;-0.435703,-562;-1.575246,-27;-1.037850,227;
-1.033788,3460;0.336473,-6058;-1.674302,-482;-0.437662,-545;-1.575246,-23;-1.035173,243;
-1.031060,3393;0.331574,-6120;-1.681438,-626;-0.439657,-552;-1.575246,-20;-1.032458,252;
-1.028415,3466;0.326403,-6121;-1.688285,-442;-0.441620,-587;-1.575246,-19;-1.029814,254;
-1.025583,3509;0.321223,-6013;-1.695437,-411;-0.443457,-630;-1.575246,-13;-1.026975,247;
-1.022714,3459;0.316263,-6153;-1.702613,-538;-0.445423,-566;-1.575242,-12;-1.024106,229;
-1.019814,3613;0.311009,-6075;-1.709457,-532;-0.447360,-557;-1.575242,-7;-1.021326,255;
-1.017001,3656;0.305727,-5817;-1.716600,-707;-0.449176,-559;-1.575242,-4;-1.018351,260;
-1.014003,3691;0.300455,-5874;-1.723795,-724;-0.451039,-594;-1.575238,1;-1.015332,239;
-1.010935,3697;0.295164,-5780;-1.730987,-502;-0.452906,-583;-1.575238,3;-1.012262,240;
-1.007969,3690;0.290079,-5773;-1.737833,-669;-0.454733,-595;-1.575242,7;-1.009298,247;
-1.004833,3899;0.284730,-5808;-1.745046,-650;-0.456438,-634;-1.575238,12;-1.006148,264;
-1.001606,3902;0.279611,-5780;-1.752257,-379;-0.458247,-605;-1.575238,17;-1.002912,258;
-0.998324,3734;0.274246,-5894;-1.759121,-459;-0.460004,-602;-1.575235,21;-0.999776,237;
-0.995152,3880;0.268827,-5926;-1.766298,-691;-0.461673,-602;-1.575235,27;-0.996460,262;
-0.991766,4029;0.263386,-5715;-1.773490,-472;-0.463400,-587;-1.575231,30;-0.993060,274;
-0.988315,3941;0.258178,-5731;-1.780651,-583;-0.465117,-550;-1.575231,33;-0.989605,249;
-0.984984,4094;0.252695,-5790;-1.787516,-717;-0.466786,-554;-1.575231,39;-0.986252,253;
-0.981426,4264;0.247190,-5578;-1.794699,-471;-0.468337,-567;-1.575227,49;-0.982676,276;
-0.977801,4210;0.241939,-5727;-1.801863,-407;-0.469948,-561;-1.575231,51;-0.979048,266;
-0.974106,4204;0.236400,-5804;-1.808681,-249;-0.471551,-539;-1.575224,54;-0.975512,261;
-0.970508,4026;0.230831,-5543;-1.815760,-498;-0.473036,-528;-1.575224,62;-0.971752,282;
-0.966696,4082;0.225268,-5621;-1.822867,-591;-0.474547,-543;-1.575220,67;-0.967934,280;
-0.962808,4192;0.219934,-5440;-1.829664,-369;-0.476055,-530;-1.575216,73;-0.964207,273;
-0.959033,4186;0.214353,-5471;-1.836718,-536;-0.477522,-511;-1.575213,83;-0.960235,281;
-0.955049,4427;0.208713,-5404;-1.843784,-703;-0.478879,-526;-1.575213,89;-0.956215,279;
-0.950977,4611;0.203315,-5193;-1.850866,-304;-0.480248,-566;-1.575213,99;-0.952114,278;
-0.946997,4447;0.197697,-5357;-1.857584,-351;-0.481623,-532;-1.575209,102;-0.948145,268;
-0.942787,4582;0.192039,-5496;-1.864598,-515;-0.482907,-504;-1.575205,111;-0.943930,293;
-0.938479,4733;0.186613,-5325;-1.871579,-465;-0.484231,-463;-1.575205,117;-0.939602,288;
-0.934092,4636;0.180949,-5369;-1.878532,-532;-0.485478,-490;-1.575198,121;-0.935413,272;
-0.929836,4741;0.175245,-5458;-1.885170,-273;-0.486678,-503;-1.575187,124;-0.930968,302;
-0.925286,4861;0.169535,-5271;-1.892059,-370;-0.487785,-548;-1.575183,132;-0.926397,292;
-0.920657,4735;0.164082,-5315;-1.898975,-337;-0.488900,-568;-1.575176,142;-0.921779,288;
-0.916153,4762;0.158344,-5368;-1.905558,-61;-0.489983,-593;-1.575172,149;-0.917289,306;
-0.911346,4863;0.152591,-5101;-1.912358,-277;-0.491010,-551;-1.575158,150;-0.912470,299;
-0.906469,4796;0.147104,-5125;-1.919134,-593;-0.492048,-533;-1.575143,151;-0.907610,302;
-0.901527,4985;0.141336,-5128;-1.925603,-433;-0.493067,-486;-1.575121,148;-0.902863,309;
-0.896720,4956;0.135571,-4936;-1.932327,-424;-0.493992,-480;-1.575106,153;-0.897790,308;
-0.891622,5055;0.129812,-4972;-1.939047,-389;-0.494916,-461;-1.575088,155;-0.892651,306;
-0.886411,5296;0.124313,-4768;-1.945734,-162;-0.495782,-486;-1.575081,169;-0.887410,300;
-0.881344,5283;0.118587,-4854;-1.952072,-167;-0.496589,-519;-1.575062,174;-0.882297,324;
-0.875958,5410;0.112847,-5032;-1.958676,-242;-0.497330,-550;-1.575040,171;-0.876868,297;
-0.870438,5483;0.107345,-4831;-1.965225,-137;-0.498100,-509;-1.575011,166;-0.871355,320;
-0.864817,5315;0.101613,-4831;-1.971401,-390;-0.498823,-485;-1.574996,174;-0.866003,306;
-0.859373,5521;0.095866,-4881;-1.977858,-479;-0.499461,-494;-1.574978,186;-0.860307,319;
-0.853556,5713;0.090135,-4774;-1.984300,-102;-0.500092,-502;-1.574956,190;-0.854482,340;
-0.847643,5592;0.084666,-4788;-1.990393,-47;-0.500671,-504;-1.574923,180;-0.848826,311;
-0.841884,5650;0.078926,-4722;-1.996722,-114;-0.501188,-518;-1.574897,183;-0.842821,339;
-0.835733,5770;0.073442,-4449;-2.002986,68;-0.501691,-510;-1.574872,190;-0.836652,336;
-0.829775,5787;0.067769,-4558;-2.008904,-32;-0.502124,-524;-1.574857,202;-0.830629,352;
-0.823743,6136;0.062331,-4650;-2.014783,-163;-0.502557,-506;-1.574828,203;-0.824521,320;
-0.817268,6255;0.056642,-4658;-2.020888,-286;-0.502931,-497;-1.574798,201;-0.818040,348;
-0.810612,6121;0.051205,-4375;-2.026926,-173;-0.503301,-458;-1.574754,191;-0.811397,343;
-0.804160,5972;0.045574,-4370;-2.032645,-111;-0.503591,-479;-1.574728,204;-0.804974,338;
-0.797348,6270;0.039956,-4429;-2.038597,33;-0.503833,-499;-1.574699,211;-0.798137,350;
-0.790683,6431;0.034601,-4236;-2.044221,323;-0.504035,-522;-1.574670,212;-0.791450,371;
-0.783534,6463;0.029050,-4175;-2.049984,179;-0.504207,-519;-1.574626,206;-0.784309,368;
-0.776290,6324;0.023750,-4160;-2.055691,21;-0.504347,-513;-1.574600,217;-0.777068,345;
-0.769272,6583;0.018233,-4210;-2.061082,214;-0.504457,-499;-1.574556,215;-0.770033,371;
-0.761755,6681;0.013015,-4090;-2.066618,110;-0.504526,-491;-1.574516,211;-0.762510,369;
-0.754116,6397;0.007618,-4120;-2.071863,117;-0.504552,-500;-1.574479,215;-0.755232,357;
-0.746753,6799;0.002232,-4057;-2.077264,-3;-0.504570,-473;-1.574446,225;-0.747493,365;
-0.739236,7092;-0.002906,-3876;-2.082365,212;-0.504563,-436;-1.574398,222;-0.739929,383;
-0.731181,7082;-0.008254,-3621;-2.087383,356;-0.504541,-393;-1.574351,215;-0.732215,400;
-0.723373,6933;-0.013221,-3498;-2.092548,446;-0.504519,-319;-1.574318,233;-0.723977,396;
-0.715119,7260;-0.018349,-3576;-2.097618,336;-0.504493,-229;-1.574274,240;-0.716021,364;
-0.707024,7235;-0.023441,-3554;-2.102373,176;-0.504453,-136;-1.574222,227;-0.707585,390;
-0.698393,7213;-0.028462,-3301;-2.107250,340;-0.504380,-62;-1.574178,229;-0.698968,392;
-0.690068,7189;-0.033168,-3339;-2.111815,429;-0.504281,6;-1.574127,229;-0.690646,373;
-0.681262,7395;-0.037803,-3469;-2.116292,466;-0.504108,23;-1.574076,229;-0.682205,397;
-0.672662,7580;-0.042589,-3501;-2.120881,509;-0.503881,11;-1.574028,233;-0.673201,402;
-0.663914,7836;-0.047111,-3431;-2.125156,635;-0.503635,13;-1.573984,246;-0.664423,415;
-0.654573,7834;-0.051563,-3086;-2.129292,531;-0.503349,32;-1.573933,246;-0.655488,418;
-0.645510,7429;-0.055901,-3038;-2.133523,546;-0.503037,29;-1.573881,244;-0.645976,416;
-0.636389,7644;-0.060350,-3014;-2.137494,699;-0.502689,9;-1.573815,237;-0.636799,377;
-0.627106,7723;-0.064520,-2957;-2.141367,832;-0.502303,7;-1.573760,238;-0.627523,404;
-0.617244,7970;-0.068604,-2905;-2.145289,816;-0.501933,18;-1.573712,252;-0.617652,417;
-0.607636,8117;-0.072775,-2789;-2.148906,884;-0.501540,27;-1.573661,263;-0.608053,425;
-0.597842,7941;-0.076654,-2535;-2.152377,773;-0.501119,36;-1.573595,256;-0.598292,430;
-0.587460,7961;-0.080389,-2531;-2.155892,747;-0.500701,22;-1.573533,255;-0.587923,424;
-0.577435,7569;-0.084176,-2534;-2.159165,861;-0.500264,16;-1.573463,243;-0.577857,426;
-0.567338,7687;-0.087694,-2510;-2.162325,997;-0.499798,-2;-1.573401,251;-0.567737,405;
-0.556631,7855;-0.091096,-2448;-2.165356,1058;-0.499358,3;-1.573346,268;-0.557518,417;
-0.546227,7902;-0.094528,-2348;-2.168381,995;-0.498921,9;-1.573280,270;-0.546676,427;
-0.535689,8023;-0.097682,-2098;-2.171146,1088;-0.498481,7;-1.573217,272;-0.536152,441;
-0.524522,8132;-0.100688,-1987;-2.173770,1104;-0.498027,9;-1.573137,255;-0.525478,426;
-0.513739,7631;-0.103695,-1898;-2.176384,1161;-0.497586,-13;-1.573071,266;-0.514177,432;
-0.502420,7792;-0.106539,-1856;-2.178868,1266;-0.497128,-34;-1.573001,274;-0.502832,401;
-0.490926,7850;-0.109121,-1713;-2.181210,1441;-0.496688,-42;-1.572924,269;-0.491395,420;
-0.479897,7712;-0.111643,-1685;-2.183301,1461;-0.496262,-53;-1.572847,277;-0.480314,440;
-0.468278,7919;-0.114004,-1713;-2.185331,1446;-0.495888,-39;-1.572762,266;-0.468664,403;
-0.456533,8215;-0.116114,-1588;-2.187220,1509;-0.495507,-44;-1.572693,274;-0.456934,427;
-0.444675,7786;-0.118140,-1584;-2.188879,1536;-0.495165,-24;-1.572608,273;-0.445662,401;
-0.433301,8029;-0.120014,-1493;-2.190481,1597;-0.494835,-35;-1.572531,273;-0.433796,432;
-0.421271,8360;-0.121717,-1350;-2.191932,1699;-0.494535,-25;-1.572436,261;-0.421768,448;
-0.409153,8032;-0.123183,-1234;-2.193166,1693;-0.494237,-34;-1.572359,266;-0.410221,411;
-0.397512,8234;-0.124542,-1136;-2.194320,1783;-0.493981,-40;-1.572275,286;-0.398062,428;
-0.385198,8305;-0.125734,-1032;-2.195324,1885;-0.493761,-32;-1.572194,275;-0.385767,446;
-0.372847,8116;-0.126692,-952;-2.196157,1872;-0.493544,-50;-1.572102,278;-0.373438,402;
-0.360428,8259;-0.127503,-989;-2.196819,1892;-0.493368,-39;-1.572003,260;-0.361576,432;
-0.348432,8459;-0.128155,-876;-2.197361,1933;-0.493218,-55;-1.571919,278;-0.349039,444;
-0.335815,7872;-0.128618,-853;-2.197765,2010;-0.493111,-33;-1.571827,267;-0.336479,391;
-0.323225,8254;-0.128912,-765;-2.198028,2123;-0.493020,-47;-1.571743,285;-0.324426,422;
-0.311113,7979;-0.129062,-690;-2.198160,2206;-0.492976,-25;-1.571622,245;-0.311705,447;
-0.298410,8059;-0.129059,-489;-2.198156,2356;-0.492946,-41;-1.571541,268;-0.298966,397;
-0.285593,8107;-0.128933,-85;-2.198056,2746;-0.492946,-46;-1.571424,243;-0.286194,430;
-0.273343,7912;-0.128624,325;-2.197820,3123;-0.492950,-77;-1.571358,275;-0.273969,381;
-0.260536,8283;-0.128146,614;-2.197413,3420;-0.492968,-114;-1.571240,249;-0.261164,407;
-0.248173,8311;-0.127433,934;-2.196871,3592;-0.492979,-198;-1.571156,266;-0.248835,440;
-0.235130,8058;-0.126517,1013;-2.196111,3709;-0.493023,-253;-1.571038,249;-0.235847,442;
-0.222136,7825;-0.125470,1171;-2.195190,3772;-0.493053,-351;-1.570958,263;-0.222888,396;
-0.209160,8013;-0.124157,1311;-2.194176,3828;-0.493126,-412;-1.570833,240;-0.210482,406;
-0.196732,7615;-0.122687,1389;-2.192949,4010;-0.493229,-465;-1.570738,235;-0.197465,427;
-0.183754,7513;-0.121037,1448;-2.191543,3963;-0.493386,-475;-1.570620,230;-0.184483,389;
-0.170769,7845;-0.119289,1404;-2.190009,3999;-0.493585,-485;-1.570525,225;-0.171521,412;
-0.158375,7643;-0.117286,1323;-2.188411,4146;-0.493827,-490;-1.570408,222;-0.159159,379;
-0.145460,7865;-0.115106,1363;-2.186568,4156;-0.494083,-483;-1.570319,228;-0.146263,399;
-0.132479,7828;-0.112862,1206;-2.184581,4066;-0.494395,-485;-1.570213,232;-0.133322,422;
-0.119555,7511;-0.110376,1303;-2.182548,4118;-0.494722,-474;-1.570118,227;-0.121012,382;
-0.107262,7835;-0.107703,1270;-2.180273,4138;-0.495052,-487;-1.570004,226;-0.108174,406;
-0.094387,7915;-0.104898,1246;-2.177872,4163;-0.495404,-503;-1.569905,209;-0.095306,412;
-0.081525,7298;-0.102072,1295;-2.175328,4278;-0.495774,-522;-1.569810,233;-0.082523,365;
-0.069327,7469;-0.098962,1373;-2.172756,4373;-0.496159,-515;-1.569707,212;-0.070349,393;
-0.056572,7604;-0.095857,1301;-2.169936,4312;-0.496526,-548;-1.569601,215;-0.057606,411;
-0.044417,7039;-0.092477,1313;-2.167117,4404;-0.496926,-516;-1.569494,191;-0.045513,360;
-0.032366,7158;-0.089106,1384;-2.164144,4409;-0.497333,-544;-1.569403,220;-0.033504,379;
-0.019782,7188;-0.085582,1418;-2.161051,4538;-0.497740,-526;-1.569304,193;-0.021487,384;
-0.007804,7530;-0.081776,1482;-2.157662,4587;-0.498137,-556;-1.569215,219;-0.008943,397;
0.004185,7452;-0.078007,1333;-2.154306,4471;-0.498566,-517;-1.569105,189;0.003026,393;
0.016674,7384;-0.074140,1330;-2.150838,4493;-0.498977,-544;-1.569032,225;0.014962,388;
0.028548,6711;-0.070135,1224;-2.147084,4614;-0.499384,-514;-1.568926,196;0.027385,383;
0.040231,6953;-0.065800,1102;-2.143361,4687;-0.499750,-555;-1.568838,211;0.039138,330;
0.052420,7009;-0.061538,949;-2.139515,4779;-0.500165,-519;-1.568713,166;0.050755,344;
0.064021,6971;-0.057196,1064;-2.135354,4804;-0.500521,-548;-1.568647,204;0.062848,355;
0.075576,6916;-0.052536,1083;-2.131261,4565;-0.500910,-500;-1.568544,195;0.074358,363;
0.087027,6983;-0.048014,1033;-2.127048,4481;-0.501269,-502;-1.568471,208;0.085788,358;
0.098928,7062;-0.043422,1060;-2.122525,4412;-0.501621,-466;-1.568368,192;0.097676,347;
0.110201,6484;-0.038508,970;-2.118101,4480;-0.501893,-498;-1.568284,192;0.108885,299;
0.121288,6531;-0.033704,904;-2.113576,4642;-0.502171,-522;-1.568203,200;0.119937,327;
0.132803,6549;-0.028823,892;-2.108723,4754;-0.502402,-524;-1.568119,201;0.131429,336;
0.143703,6689;-0.023643,957;-2.103962,4767;-0.502623,-533;-1.568038,205;0.142330,348;
0.154545,6679;-0.018631,745;-2.099112,4513;-0.502846,-489;-1.567946,197;0.153155,345;
0.165799,6484;-0.013349,801;-2.093981,4615;-0.503008,-507;-1.567865,199;0.164379,338;
0.176424,5932;-0.008202,667;-2.088963,4695;-0.503151,-500;-1.567789,207;0.174932,297;
0.187345,5910;-0.002988,665;-2.083853,4798;-0.503235,-525;-1.567712,202;0.185334,313;
0.197632,6206;0.002532,604;-2.078393,4820;-0.503294,-527;-1.567638,203;0.196118,314;
0.207859,6293;0.008107,420;-2.073084,4575;-0.503316,-532;-1.567558,203;0.206330,331;
0.218440,6326;0.013401,399;-2.067723,4563;-0.503323,-517;-1.567488,212;0.216443,334;
0.228427,5910;0.018759,381;-2.062026,4597;-0.503319,-480;-1.567425,226;0.226919,325;
0.238249,5868;0.024408,434;-2.056478,4640;-0.503309,-415;-1.567338,212;0.236757,293;
0.248387,5977;0.029883,382;-2.050832,4629;-0.503286,-328;-1.567264,207;0.246444,299;
0.257989,6012;0.035385,488;-2.044864,4740;-0.503235,-250;-1.567183,194;0.256472,300;
0.267498,5938;0.041196,502;-2.039118,4710;-0.503169,-161;-1.567117,210;0.265943,319;
0.277323,5905;0.046762,282;-2.033058,4802;-0.503066,-60;-1.567055,223;0.275729,331;
0.286601,5380;0.052576,344;-2.027158,4763;-0.502905,-18;-1.566974,209;0.284940,273;
0.295669,5485;0.058191,301;-2.021157,4589;-0.502670,10;-1.566905,204;0.293989,285;
0.305017,5734;0.063840,276;-2.014819,4563;-0.502358,4;-1.566831,195;0.303331,308;
0.313871,5705;0.069789,141;-2.008742,4488;-0.501999,-5;-1.566776,211;0.312175,306;
0.322591,5867;0.075460,-72;-2.002634,4581;-0.501588,20;-1.566718,226;0.320923,287;
0.331614,5828;0.081121,-45;-1.996158,4593;-0.501155,39;-1.566655,224;0.329939,306;
0.340144,5223;0.087055,2;-1.989909,4668;-0.500656,53;-1.566575,206;0.338445,323;
0.348481,5250;0.092783,-92;-1.983605,4801;-0.500062,28;-1.566501,193;0.346812,268;
0.357076,5300;0.098515,-101;-1.977252,4992;-0.499439,25;-1.566442,202;0.355028,268;
0.365192,5406;0.104516,-4;-1.970525,4980;-0.498753,-7;-1.566398,219;0.363498,298;
0.373199,5559;0.110244,-195;-1.964034,4554;-0.498045,4;-1.566347,231;0.371513,289;
0.381487,5477;0.115948,-160;-1.957531,4465;-0.497253,8;-1.566285,224;0.379428,280;
0.389301,5015;0.121680,-221;-1.950667,4372;-0.496490,52;-1.566219,207;0.387590,291;
0.396927,5131;0.127669,-229;-1.944057,4390;-0.495661,53;-1.566153,200;0.395234,266;
0.404778,5283;0.133418,-204;-1.937128,4621;-0.494740,40;-1.566109,221;0.403083,286;
0.412212,5321;0.139435,-194;-1.930502,4698;-0.493783,-10;-1.566057,226;0.410507,284;
0.419918,5144;0.145191,-511;-1.923867,4858;-0.492770,-4;-1.566010,227;0.417851,267;
0.427168,4707;0.150886,-446;-1.916834,4745;-0.491776,14;-1.565955,227;0.425407,286;
0.434590,4656;0.156856,-416;-1.910028,4515;-0.490694,17;-1.565892,217;0.432508,251;
0.441595,4677;0.162851,-507;-1.902897,4585;-0.489601,5;-1.565834,211;0.439797,265;
0.448793,4832;0.168552,-743;-1.896067,4402;-0.488427,12;-1.565797,226;0.446685,266;
0.455544,4802;0.174207,-665;-1.888939,4506;-0.487283,19;-1.565760,239;0.453786,281;
0.462188,4843;0.180104,-501;-1.882090,4738;-0.486083,11;-1.565705,236;0.460437,270;
0.469093,4567;0.185783,-541;-1.874889,4891;-0.484778,-15;-1.565647,215;0.467288,275;
0.475584,4586;0.191711,-571;-1.867975,4629;-0.483508,11;-1.565606,231;0.473759,276;
0.482273,4732;0.197614,-763;-1.860716,4426;-0.482159,36;-1.565562,235;0.480457,261;
0.488862,4440;0.203202,-635;-1.853763,4568;-0.480757,28;-1.565518,234;0.486718,252;
0.495050,4395;0.209053,-576;-1.846445,4678;-0.479393,18;-1.565467,228;0.493163,257;
0.501140,4474;0.214665,-615;-1.839434,4371;-0.477995,31;-1.565426,229;0.499244,269;
0.507420,4565;0.220494,-844;-1.832128,4474;-0.476506,54;-1.565386,238;0.505546,248;
0.513638,4324;0.226027,-805;-1.825129,4749;-0.474958,20;-1.565335,228;0.511437,245;
0.519443,4306;0.231814,-794;-1.817775,4908;-0.473465,21;-1.565298,238;0.517493,258;
0.525162,4384;0.237340,-1073;-1.810714,4578;-0.471936,20;-1.565250,234;0.523204,286;
0.531068,4446;0.243081,-1108;-1.803323,4501;-0.470322,63;-1.565217,241;0.529124,284;
0.536886,4215;0.248561,-1084;-1.795920,4610;-0.468675,58;-1.565166,230;0.534674,253;
0.542348,4191;0.254272,-993;-1.788799,4665;-0.467010,85;-1.565126,234;0.540385,246;
0.547997,4139;0.259954,-1078;-1.781365,4413;-0.465385,78;-1.565082,228;0.546023,254;
0.553520,4051;0.265346,-974;-1.773971,4641;-0.463642,61;-1.565052,241;0.551547,239;
0.558939,4167;0.270973,-943;-1.766895,4524;-0.461860,49;-1.565012,241;0.556748,242;
0.564080,3932;0.276586,-1108;-1.759507,4541;-0.460147,48;-1.564964,228;0.562114,258;
0.569337,3893;0.282149,-1076;-1.752064,4462;-0.458335,68;-1.564927,229;0.567396,220;
0.574512,4000;0.287455,-1264;-1.744964,4329;-0.456479,56;-1.564887,225;0.572348,245;
0.579364,4061;0.292963,-1245;-1.737566,4484;-0.454626,84;-1.564862,247;0.577469,257;
0.584343,4247;0.298468,-1218;-1.730136,4616;-0.452807,72;-1.564825,246;0.582494,249;
0.589306,4124;0.303706,-1388;-1.722732,4548;-0.450859,50;-1.564788,237;0.587427,280;
0.594208,3788;0.309147,-1337;-1.715669,4767;-0.448912,43;-1.564748,231;0.592078,248;
0.598803,3738;0.314588,-1267;-1.708238,4730;-0.447019,36;-1.564711,235;0.596854,259;
0.603528,3869;0.319992,-1448;-1.700795,4378;-0.445027,63;-1.564685,239;0.601593,247;
0.608181,3755;0.325123,-1397;-1.693725,4567;-0.443002,34;-1.564652,241;0.606050,222;
0.612572,3756;0.330472,-1253;-1.686285,4598;-0.440996,86;-1.564612,237;0.610613,245;
0.617085,3813;0.335787,-1370;-1.678848,4225;-0.439019,78;-1.564575,231;0.615139,243;
0.621534,3664;0.340842,-1305;-1.671473,4462;-0.436943,65;-1.564550,235;0.619589,220;
0.625707,3707;0.346136,-1347;-1.664443,4496;-0.434823,28;-1.564520,243;0.623763,241;
0.630018,3791;0.351418,-1631;-1.657104,4586;-0.432813,36;-1.564495,252;0.628095,228;
0.634274,3597;0.356408,-1586;-1.649707,4503;-0.430700,55;-1.564462,240;0.632339,216;
0.638462,3533;0.361610,-1454;-1.642668,4366;-0.428521,24;-1.564429,234;0.636322,244;
0.642409,3330;0.366800,-1678;-1.635338,4479;-0.426463,37;-1.564392,227;0.640456,241;
0.646438,3450;0.371937,-1628;-1.627984,4542;-0.424288,47;-1.564366,238;0.644509,239;
0.650431,3471;0.377044,-1743;-1.620666,4466;-0.422069,22;-1.564337,234;0.648478,271;
0.654190,3347;0.381888,-1701;-1.613713,4729;-0.419854,1;-1.564311,242;0.652223,253;
0.658033,3460;0.386726,-1622;-1.606395,4730;-0.417752,56;-1.564286,244;0.656086,244;
0.661676,3490;0.391787,-1666;-1.599369,4218;-0.415511,55;-1.564253,234;0.659732,248;
0.665467,3412;0.396826,-1899;-1.592109,4400;-0.413332,42;-1.564223,235;0.663521,235;
0.669165,3350;0.401597,-1876;-1.584841,4574;-0.411080,55;-1.564198,231;0.667236,206;
0.672796,3435;0.406563,-1839;-1.577890,4343;-0.408816,76;-1.564176,243;0.670717,227;
0.676216,3334;0.411480,-1825;-1.570680,4451;-0.406663,99;-1.564154,242;0.674319,238;
0.679734,3339;0.416357,-1708;-1.563476,4692;-0.404367,79;-1.564128,242;0.677866,212;
0.683213,3334;0.421011,-1946;-1.556281,4454;-0.402060,77;-1.564102,241;0.681193,216;
0.686492,3203;0.425846,-2030;-1.549416,4411;-0.399756,77;-1.564073,236;0.684623,238;
0.689863,3179;0.430668,-2024;-1.542249,4459;-0.397526,65;-1.564051,235;0.688005,214;
0.693194,3123;0.435233,-2140;-1.535115,4347;-0.395179,46;-1.564021,231;0.691335,201;
0.696464,3053;0.439951,-2006;-1.528327,4400;-0.392882,103;-1.564003,237;0.694471,216;
0.699535,3098;0.444666,-1908;-1.521221,4424;-0.390645,100;-1.563970,233;0.697688,219;
0.702725,2999;0.449344,-2047;-1.514176,4371;-0.388264,64;-1.563952,236;0.700850,228;
0.705851,2871;0.453799,-2112;-1.507486,4609;-0.385906,46;-1.563926,232;0.703825,216;
0.708769,2995;0.458450,-2189;-1.500456,4544;-0.383551,59;-1.563908,240;0.706877,237;
0.711785,3046;0.463049,-2292;-1.493445,4179;-0.381317,79;-1.563886,234;0.709881,265;
0.714761,2940;0.467400,-2181;-1.486522,4409;-0.378933,38;-1.563864,237;0.712845,249;
0.717672,3000;0.471940,-2154;-1.479915,4282;-0.376574,66;-1.563842,238;0.715640,244;
0.720413,3112;0.476441,-2324;-1.473047,4279;-0.374311,62;-1.563823,236;0.718534,236;
0.723245,3012;0.480886,-2191;-1.466201,4432;-0.371945,64;-1.563809,244;0.721369,224;
0.726037,2921;0.485136,-2177;-1.459698,4417;-0.369539,16;-1.563787,237;0.724047,215;
0.728670,2765;0.489554,-2357;-1.452932,4473;-0.367184,49;-1.563772,245;0.726816,199;
0.731365,2779;0.493920,-2342;-1.446141,4329;-0.364906,41;-1.563750,236;0.729531,182;
0.734028,2767;0.498057,-2469;-1.439411,4115;-0.362511,27;-1.563732,238;0.732182,207;
0.736536,2672;0.502349,-2481;-1.433042,4375;-0.360127,-8;-1.563706,228;0.734673,206;
0.739092,2751;0.506633,-2509;-1.426380,4466;-0.357886,41;-1.563691,236;0.737241,209;
0.741615,2833;0.510686,-2643;-1.419745,4187;-0.355520,54;-1.563669,229;0.739783,202;
0.744111,2696;0.514847,-2455;-1.413475,4363;-0.353147,27;-1.563651,236;0.742167,189;
0.746456,2650;0.519011,-2370;-1.406947,4590;-0.350895,25;-1.563625,226;0.744602,210;
0.748872,2640;0.523160,-2648;-1.400426,4329;-0.348543,51;-1.563611,231;0.747009,226;
0.751248,2553;0.527073,-2643;-1.393953,4244;-0.346207,54;-1.563592,227;0.749385,204;
0.753479,2530;0.531139,-2576;-1.387818,4041;-0.343881,78;-1.563578,232;0.751623,192;
0.755770,2592;0.535174,-2737;-1.381470,4200;-0.341655,62;-1.563563,231;0.753938,179;
0.758014,2587;0.538974,-2637;-1.375139,4274;-0.339366,99;-1.563548,238;0.756186,183;
0.760200,2735;0.542920,-2526;-1.369113,4049;-0.337040,88;-1.563534,237;0.758299,204;
0.762279,2615;0.546824,-2554;-1.362883,4161;-0.334829,65;-1.563523,238;0.760481,214;
0.764419,2526;0.550703,-2604;-1.356701,4391;-0.332518,50;-1.563501,231;0.762623,204;
0.766529,2463;0.554393,-2869;-1.350556,4261;-0.330214,54;-1.563486,234;0.764641,201;
0.768503,2412;0.558195,-2946;-1.344714,4291;-0.327918,27;-1.563468,229;0.766717,204;
0.770527,2453;0.561980,-2924;-1.338634,4214;-0.325747,46;-1.563457,233;0.768745,215;
0.772521,2479;0.565547,-2991;-1.332611,4042;-0.323461,26;-1.563431,222;0.770726,239;
0.774483,2406;0.569227,-2937;-1.326916,4127;-0.321231,56;-1.563420,227;0.772597,250;
0.776320,2452;0.572877,-2847;-1.320992,4186;-0.319107,77;-1.563405,224;0.774526,233;
0.778218,2428;0.576492,-2945;-1.315116,4024;-0.316870,65;-1.563398,231;0.776423,231;
0.780083,2313;0.579906,-2920;-1.309578,4160;-0.314640,36;-1.563380,226;0.778198,218;
0.781834,2301;0.583461,-2967;-1.303834,4364;-0.312428,20;-1.563365,225;0.780025,213;
0.783638,2278;0.586973,-3157;-1.298127,4193;-0.310337,16;-1.563358,230;0.781822,220;
0.785398,2243;0.590267,-3064;-1.292466,4119;-0.308173,19;-1.563347,229;0.783583,205;
0.787116,2274;0.593684,-2967;-1.287101,3784;-0.306027,43;-1.563332,231;0.785244,197;
0.788745,2269;0.597052,-3003;-1.281584,3835;-0.303977,23;-1.563314,222;0.786957,185;
0.790404,2228;0.600374,-2966;-1.276119,3997;-0.301853,18;-1.563310,229;0.788637,170;
0.792027,2268;0.603531,-2982;-1.270941,3888;-0.299744,25;-1.563295,231;0.790211,160;
0.793564,2162;0.606798,-3163;-1.265608,3979;-0.297745,5;-1.563284,230;0.791825,165;
0.795138,2095;0.610012,-3176;-1.260317,4085;-0.295680,14;-1.563270,224;0.793395,175;
0.796684,2042;0.613059,-3348;-1.255100,4029;-0.293611,0;-1.563255,220;0.794924,190;
0.798126,2008;0.616185,-3396;-1.250186,4177;-0.291671,-3;-1.563248,227;0.796362,188;
0.799589,2096;0.619143,-3357;-1.245064,4192;-0.289668,10;-1.563237,226;0.797767,195;
0.800967,2137;0.622189,-3312;-1.240220,3888;-0.287680,21;-1.563226,226;0.799223,189;
0.802391,2149;0.625196,-3382;-1.235226,3804;-0.285809,26;-1.563214,221;0.800657,181;
0.803784,2067;0.628015,-3322;-1.230291,3817;-0.283883,47;-1.563207,225;0.802055,172;
0.805146,2028;0.630936,-3349;-1.225652,3757;-0.281972,62;-1.563200,230;0.803361,173;
0.806423,1951;0.633811,-3464;-1.220891,3865;-0.280164,50;-1.563192,225;0.804699,177;
0.807731,1923;0.636625,-3403;-1.216176,3943;-0.278293,53;-1.563182,225;0.805998,188;
0.809007,1901;0.639273,-3487;-1.211525,3762;-0.276445,58;-1.563167,222;0.807205,201;
0.810204,1861;0.641986,-3410;-1.207156,3766;-0.274614,41;-1.563160,224;0.808448,210;
0.811417,1887;0.644665,-3408;-1.202668,3939;-0.272879,19;-1.563156,225;0.809666,201;
0.812611,1873;0.647188,-3533;-1.198253,3854;-0.271089,10;-1.563149,225;0.810865,189;
0.813781,1774;0.649769,-3544;-1.194080,3828;-0.269354,34;-1.563138,221;0.811991,176;
0.814871,1739;0.652317,-3560;-1.189781,3751;-0.267704,29;-1.563127,221;0.813139,168;
0.815973,1807;0.654815,-3673;-1.185553,3497;-0.265991,13;-1.563123,225;0.814258,158;
0.817047,1792;0.657154,-3668;-1.181429,3529;-0.264322,11;-1.563112,225;0.815300,147;
0.818052,1803;0.659558,-3712;-1.177558,3673;-0.262678,5;-1.563108,224;0.816356,144;
0.819071,1767;0.661921,-3836;-1.173603,3666;-0.261134,5;-1.563101,222;0.817383,157;
0.820079,1685;0.664119,-3819;-1.169720,3675;-0.259564,16;-1.563093,222;0.818370,168;
0.821043,1723;0.666355,-3688;-1.166071,3533;-0.258027,34;-1.563083,219;0.819291,181;
0.821946,1710;0.668544,-3696;-1.162363,3578;-0.256590,34;-1.563075,222;0.820237,181;
0.822862,1719;0.670672,-3604;-1.158723,3634;-0.255104,20;-1.563068,218;0.821158,175;
0.823759,1688;0.672668,-3704;-1.155312,3498;-0.253640,10;-1.563064,218;0.822005,183;
0.824598,1594;0.674713,-3774;-1.151852,3602;-0.252210,-15;-1.563057,219;0.822878,185;
0.825446,1573;0.676715,-3815;-1.148469,3709;-0.250878,-6;-1.563049,220;0.823722,177;
0.826263,1574;0.678589,-3975;-1.145150,3551;-0.249514,-10;-1.563046,217;0.824510,176;
0.827059,1540;0.680472,-3934;-1.142061,3518;-0.248190,-12;-1.563039,222;0.825310,172;
0.827791,1547;0.682315,-3915;-1.138913,3505;-0.246957,-13;-1.563035,220;0.826084,165;
0.828541,1485;0.684113,-4019;-1.135839,3307;-0.245703,-4;-1.563028,221;0.826832,168;
0.829276,1398;0.685766,-4013;-1.132995,3267;-0.244481,-12;-1.563024,219;0.827522,163;
0.829953,1326;0.687447,-3976;-1.130104,3275;-0.243348,-16;-1.563017,215;0.828215,166;
0.830632,1269;0.689079,-4076;-1.127309,3216;-0.242182,-35;-1.563013,213;0.828886,170;
0.831288,1239;0.690582,-4068;-1.124621,3280;-0.241059,-52;-1.563009,218;0.829499,175;
0.831885,1238;0.692095,-4012;-1.122144,3278;-0.239988,-41;-1.563002,218;0.830119,186;
0.832482,1262;0.693567,-4064;-1.119639,3261;-0.239001,-32;-1.562998,214;0.830706,197;
0.833054,1246;0.694905,-4049;-1.117221,3294;-0.238007,-22;-1.562994,217;0.831271,202;
0.833602,1257;0.696256,-4005;-1.114989,3173;-0.237043,-41;-1.562994,217;0.831788,207;
0.834104,1202;0.697560,-4086;-1.112769,3245;-0.236155,-62;-1.562991,218;0.832301,211;
0.834607,1202;0.698803,-4137;-1.110623,3240;-0.235271,-48;-1.562987,216;0.832800,214;
0.835090,1155;0.699945,-4218;-1.108559,3128;-0.234420,-48;-1.562980,218;0.833251,219;
0.835543,1133;0.701078,-4161;-1.106685,3129;-0.233624,-28;-1.562976,212;0.833702,222;
0.835981,1124;0.702174,-4202;-1.104796,3106;-0.232890,-26;-1.562972,211;0.834132,221;
0.836398,1139;0.703178,-4331;-1.103002,3082;-0.232146,-24;-1.562972,216;0.834550,219;
0.836799,1113;0.704179,-4379;-1.101373,3148;-0.231442,-27;-1.562969,215;0.834935,212;
0.837157,1093;0.705125,-4337;-1.099735,3118;-0.230792,-29;-1.562965,214;0.835320,202;
0.837515,1090;0.706019,-4326;-1.098183,3088;-0.230147,-29;-1.562961,215;0.835683,197;
0.837855,1066;0.706828,-4302;-1.096777,3113;-0.229527,-41;-1.562958,210;0.836013,192;
0.838158,1059;0.707627,-4283;-1.095369,3066;-0.228944,-44;-1.562954,213;0.836340,188;
0.838464,1043;0.708389,-4315;-1.094034,2988;-0.228419,-42;-1.562950,213;0.836648,191;
0.838752,1028;0.709075,-4295;-1.092779,2989;-0.227906,-32;-1.562950,209;0.836927,189;
0.839028,1031;0.709752,-4281;-1.091637,2906;-0.227414,-21;-1.562950,213;0.837198,193;
0.839273,1019;0.710395,-4276;-1.090513,2917;-0.226978,-22;-1.562947,211;0.837451,197;
0.839514,1000;0.710992,-4276;-1.089466,2931;-0.226548,-14;-1.562947,212;0.837690,200;
0.839741,969;0.711528,-4292;-1.088514,2867;-0.226141,-11;-1.562943,207;0.837902,199;
0.839946,948;0.712066,-4333;-1.087586,2828;-0.225774,-15;-1.562940,207;0.838111,202;
0.840133,918;0.712544,-4377;-1.086759,2829;-0.225433,-12;-1.562940,207;0.838302,202;
0.840317,906;0.712994,-4369;-1.085985,2834;-0.225092,-16;-1.562936,211;0.838478,203;
0.840482,887;0.713417,-4406;-1.085225,2822;-0.224791,-20;-1.562936,206;0.838643,201;
0.840629,874;0.713827,-4414;-1.084540,2689;-0.224509,-25;-1.562936,206;0.838794,207;
0.840770,869;0.714188,-4450;-1.083915,2661;-0.224230,-24;-1.562936,206;0.838937,206;
0.840895,880;0.714522,-4456;-1.083315,2669;-0.223984,-29;-1.562932,206;0.839069,206;
0.841009,885;0.714837,-4438;-1.082794,2706;-0.223753,-30;-1.562932,206;0.839186,209;
0.841104,892;0.715122,-4406;-1.082299,2749;-0.223555,-25;-1.562928,209;0.839300,210;
0.841198,900;0.715385,-4395;-1.081845,2761;-0.223368,-16;-1.562928,204;0.839403,208;
0.841275,908;0.715612,-4397;-1.081450,2762;-0.223207,-17;-1.562928,204;0.839494,205;
0.841348,904;0.715820,-4386;-1.081074,2726;-0.223049,-13;-1.562928,204;0.839575,205;
0.841407,903;0.716001,-4392;-1.080743,2664;-0.222921,-13;-1.562928,204;0.839648,207;
0.841465,913;0.716157,-4383;-1.080449,2610;-0.222803,-9;-1.562928,207;0.839718,205;
0.841511,888;0.716295,-4367;-1.080177,2577;-0.222697,-9;-1.562928,207;0.839773,205;
0.841554,883;0.716414,-4344;-1.079947,2566;-0.222609,-2;-1.562928,206;0.839824,207;
0.841590,874;0.716512,-4319;-1.079751,2565;-0.222532,-3;-1.562928,205;0.839868,208;
0.841621,858;0.716592,-4295;-1.079580,2587;-0.222470,-2;-1.562928,204;0.839905,206;
0.841642,852;0.716659,-4296;-1.079442,2597;-0.222418,6;-1.562928,204;0.839934,208;
0.841664,841;0.716708,-4276;-1.079335,2618;-0.222374,8;-1.562928,204;0.839960,207;
0.841679,834;0.716748,-4250;-1.079243,2618;-0.222345,12;-1.562928,203;0.839982,209;
0.841688,822;0.716772,-4243;-1.079182,2628;-0.222323,15;-1.562928,203;0.839997,213;
0.841694,820;0.716791,-4219;-1.079136,2637;-0.222308,19;-1.562928,203;0.840008,213;
0.841698,789;0.716797,-4213;-1.079108,2659;-0.222297,22;-1.562928,202;0.840015,213;
0.841701,781;0.716800,-4217;-1.079099,2664;-0.222290,21;-1.562928,202;0.840022,209;
0.841701,759;0.716800,-4237;-1.079093,2650;-0.222286,19;-1.562928,201;0.840026,207;
0.841701,730;0.716800,-4272;-1.079096,2626;-0.222286,16;-1.562928,201;0.840030,207;
0.841701,695;0.716803,-4330;-1.079096,2556;-0.222286,11;-1.562925,204;0.840030,204;
0.841701,654;0.716803,-4402;-1.079099,2482;-0.222282,2;-1.562925,199;0.840030,201;
0.841704,620;0.716803,-4462;-1.079102,2393;-0.222282,-1;-1.562925,199;0.840030,200;
0.841704,596;0.716800,-4513;-1.079105,2317;-0.222282,-8;-1.562925,200;0.840030,197;
0.841701,561;0.716800,-4551;-1.079111,2243;-0.222282,-14;-1.562925,199;0.840033,194;
0.841701,532;0.716803,-4593;-1.079114,2202;-0.222282,-18;-1.562925,199;0.840030,191;
0.841704,507;0.716803,-4626;-1.079117,2149;-0.222282,-19;-1.562925,199;0.840033,190;
0.841704,482;0.716803,-4651;-1.079117,2118;-0.222282,-20;-1.562925,198;0.840033,185;
0.841704,459;0.716803,-4689;-1.079123,2077;-0.222282,-25;-1.562925,198;0.840033,185;
0.841701,438;0.716800,-4748;-1.079133,2017;-0.222282,-31;-1.562925,198;0.840033,182;
0.841698,388;0.716803,-4820;-1.079145,1946;-0.222282,-33;-1.562925,197;0.840033,178;
0.841701,342;0.716800,-4887;-1.079166,1870;-0.222286,-49;-1.562925,197;0.840030,174;
0.841698,298;0.716797,-4989;-1.079197,1783;-0.222290,-66;-1.562925,193;0.840030,169;
0.841694,229;0.716791,-5119;-1.079246,1715;-0.222294,-80;-1.562925,192;0.840030,155;
0.841691,175;0.716781,-5267;-1.079313,1645;-0.222294,-101;-1.562925,192;0.840030,143;
0.841685,90;0.716769,-5431;-1.079399,1572;-0.222301,-135;-1.562925,192;0.840022,124;
0.841679,9;0.716751,-5590;-1.079506,1509;-0.222308,-164;-1.562925,191;0.840019,108;
0.841673,-92;0.716714,-5740;-1.079635,1449;-0.222319,-203;-1.562925,192;0.840011,87;
0.841661,-191;0.716665,-5865;-1.079788,1378;-0.222330,-241;-1.562925,191;0.840004,67;
0.841639,-268;0.716598,-6006;-1.079975,1315;-0.222349,-285;-1.562925,191;0.839997,43;
0.841615,-359;0.716509,-6141;-1.080204,1268;-0.222367,-336;-1.562925,190;0.839989,17;
0.841578,-424;0.716405,-6254;-1.080464,1234;-0.222396,-390;-1.562925,190;0.839975,-17;
0.841532,-490;0.716282,-6386;-1.080761,1188;-0.222433,-449;-1.562925,189;0.839964,-48;
0.841480,-557;0.716126,-6491;-1.081083,1158;-0.222477,-508;-1.562925,189;0.839942,-84;
0.841410,-620;0.715939,-6571;-1.081463,1123;-0.222539,-560;-1.562925,189;0.839920,-123;
0.841333,-667;0.715731,-6631;-1.081888,1104;-0.222675,-552;-1.562925,185;0.839879,-157;
0.841244,-735;0.715480,-6667;-1.082341,1124;-0.222851,-534;-1.562925,185;0.839817,-166;
0.841146,-775;0.715195,-6698;-1.082856,1088;-0.223045,-523;-1.562925,187;0.839733,-171;
0.841036,-833;0.714877,-6718;-1.083428,1010;-0.223277,-516;-1.562925,187;0.839630,-181;
0.840911,-885;0.714543,-6752;-1.084044,976;-0.223530,-517;-1.562925,186;0.839516,-183;
0.840776,-931;0.714167,-6783;-1.084671,860;-0.223808,-523;-1.562925,182;0.839377,-186;
0.840626,-991;0.713756,-6823;-1.085385,771;-0.224095,-529;-1.562925,182;0.839219,-184;
0.840461,-1046;0.713331,-6855;-1.086156,765;-0.224421,-535;-1.562925,183;0.839047,-189;
0.840283,-1097;0.712844,-6857;-1.086952,756;-0.224777,-531;-1.562925,179;0.838867,-188;
0.840102,-1164;0.712311,-6906;-1.087852,758;-0.225147,-531;-1.562925,178;0.838658,-191;
0.839897,-1213;0.711733,-6869;-1.088811,791;-0.225562,-526;-1.562925,179;0.838438,-189;
0.839677,-1268;0.711151,-6885;-1.089824,738;-0.226002,-527;-1.562925,175;0.838210,-192;
0.839450,-1325;0.710499,-6889;-1.090877,696;-0.226457,-520;-1.562925,175;0.837954,-195;
0.839193,-1365;0.709810,-6873;-1.092038,773;-0.226963,-513;-1.562925,172;0.837682,-194;
0.838921,-1407;0.709112,-6866;-1.093262,737;-0.227491,-514;-1.562925,173;0.837411,-201;
0.838623,-1424;0.708353,-6899;-1.094484,670;-0.228045,-518;-1.562925,169;0.837110,-207;
0.838327,-1450;0.707544,-6906;-1.095828,577;-0.228595,-525;-1.562925,170;0.836791,-214;
0.837996,-1475;0.706696,-6923;-1.097255,509;-0.229204,-530;-1.562925,166;0.836461,-222;
0.837647,-1506;0.705842,-6857;-1.098691,539;-0.229861,-534;-1.562925,165;0.836123,-227;
0.837289,-1509;0.704896,-6792;-1.100265,505;-0.230550,-521;-1.562928,162;0.835749,-231;
0.836894,-1505;0.703910,-6827;-1.101915,402;-0.231243,-508;-1.562928,165;0.835353,-227;
0.836474,-1528;0.702939,-6898;-1.103654,433;-0.232003,-504;-1.562928,159;0.834935,-226;
0.836036,-1510;0.701871,-6998;-1.105384,373;-0.232799,-479;-1.562928,159;0.834509,-217;
0.835608,-1560;0.700735,-6983;-1.107279,245;-0.233584,-470;-1.562928,157;0.834036,-206;
0.835133,-1613;0.699562,-6941;-1.109263,312;-0.234435,-483;-1.562928,153;0.833541,-193;
0.834634,-1618;0.698408,-7061;-1.111232,210;-0.235289,-513;-1.562928,149;0.833050,-182;
0.834135,-1677;0.697153,-7208;-1.113397,167;-0.236148,-534;-1.562928,147;0.832510,-179;
0.833587,-1722;0.695830,-7163;-1.115644,195;-0.237087,-542;-1.562928,145;0.831942,-169;
0.833014,-1731;0.694510,-7116;-1.117974,134;-0.238066,-544;-1.562928,141;0.831388,-162;
0.832448,-1773;0.693074,-7111;-1.120295,176;-0.239075,-545;-1.562928,139;0.830794,-172;
0.831826,-1794;0.691593,-7086;-1.122802,112;-0.240087,-545;-1.562928,136;0.830166,-177;
0.831193,-1836;0.690108,-7037;-1.125429,115;-0.241169,-562;-1.562928,133;0.829521,-180;
0.830531,-1900;0.688494,-7010;-1.128016,130;-0.242299,-550;-1.562928,130;0.828894,-191;
0.829882,-1924;0.686844,-7045;-1.130809,77;-0.243403,-563;-1.562928,127;0.828200,-196;
0.829184,-1992;0.685215,-7101;-1.133580,4;-0.244613,-543;-1.562932,126;0.827522,-202;
0.828483,-2042;0.683461,-7156;-1.136580,-69;-0.245817,-527;-1.562932,121;0.826788,-210;
0.827727,-2117;0.681728,-7280;-1.139531,14;-0.247108,-526;-1.562932,119;0.826055,-214;
0.826980,-2121;0.679863,-7294;-1.142704,34;-0.248355,-545;-1.562932,112;0.825259,-213;
0.826211,-2172;0.678029,-7286;-1.145830,-12;-0.249642,-551;-1.562932,109;0.824481,-211;
0.825378,-2203;0.676149,-7351;-1.149047,-96;-0.251018,-558;-1.562932,104;0.823681,-218;
0.824552,-2270;0.674104,-7316;-1.152516,-97;-0.252379,-562;-1.562932,101;0.822808,-219;
0.823661,-2324;0.672098,-7180;-1.155903,0;-0.253839,-557;-1.562932,97;0.821943,-209;
0.822791,-2341;0.670056,-7183;-1.159494,-135;-0.255254,-562;-1.562936,92;0.821007,-201;
0.821851,-2382;0.667858,-7137;-1.163031,-229;-0.256762,-562;-1.562936,90;0.820087,-200;
0.820917,-2382;0.665611,-7224;-1.166833,-217;-0.258248,-557;-1.562936,84;0.819100,-189;
0.819916,-2434;0.663400,-7235;-1.170538,-85;-0.259843,-544;-1.562936,77;0.818135,-193;
0.818949,-2510;0.661055,-7177;-1.174472,-141;-0.261365,-567;-1.562936,77;0.817101,-192;
0.817889,-2539;0.658771,-7241;-1.178333,-141;-0.262972,-601;-1.562940,69;0.816100,-201;
0.816824,-2480;0.656318,-7207;-1.182448,-239;-0.264575,-577;-1.562940,63;0.815032,-220;
0.815688,-2421;0.653808,-7010;-1.186627,-195;-0.266270,-586;-1.562940,56;0.813932,-233;
0.814549,-2420;0.651377,-6967;-1.190871,-264;-0.267960,-621;-1.562943,54;0.812857,-230;
0.813456,-2608;0.648799,-7134;-1.195010,-67;-0.269611,-637;-1.562943,47;0.811705,-233;
0.812271,-2690;0.646294,-7114;-1.199395,-100;-0.271408,-599;-1.562943,40;0.810572,-237;
0.811053,-2629;0.643643,-7219;-1.203669,-169;-0.273198,-592;-1.562943,35;0.809347,-234;
0.809855,-2586;0.640918,-7167;-1.208222,-280;-0.274933,-614;-1.562947,30;0.808092,-216;
0.808573,-2576;0.638131,-6970;-1.212817,-292;-0.276808,-584;-1.562947,22;0.806805,-199;
0.807268,-2559;0.635434,-6931;-1.217275,-420;-0.278671,-585;-1.562950,21;0.805554,-186;
0.805998,-2604;0.632587,-7087;-1.222042,-399;-0.280461,-627;-1.562954,10;0.804226,-192;
0.804641,-2645;0.629702,-7101;-1.226871,-230;-0.282409,-580;-1.562950,8;0.802869,-206;
0.803325,-2692;0.626904,-7183;-1.231534,-287;-0.284283,-549;-1.562954,-2;0.801548,-207;
0.801922,-2772;0.624044,-7178;-1.236277,-385;-0.286260,-542;-1.562954,-9;0.800202,-208;
0.800520,-2674;0.620992,-7121;-1.241313,-474;-0.288164,-553;-1.562958,-15;0.798764,-219;
0.799017,-2555;0.618037,-7047;-1.246200,-281;-0.290167,-588;-1.562961,-23;0.797349,-222;
0.797584,-2620;0.614923,-7068;-1.251362,-257;-0.292107,-582;-1.562961,-29;0.795830,-212;
0.796056,-2756;0.611755,-7096;-1.256594,-349;-0.294169,-562;-1.562961,-39;0.794282,-200;
0.794485,-2729;0.608671,-6941;-1.261863,-293;-0.296289,-508;-1.562965,-45;0.792716,-204;
0.792893,-2751;0.605420,-6907;-1.266943,-490;-0.298368,-516;-1.562965,-53;0.791190,-221;
0.791347,-2843;0.602122,-6994;-1.272353,-497;-0.300349,-596;-1.562972,-59;0.789580,-236;
0.789675,-2781;0.598803,-6975;-1.277827,-270;-0.302473,-586;-1.562980,-61;0.787933,-253;
0.787979,-2716;0.595601,-7101;-1.283091,-333;-0.304589,-596;-1.562980,-71;0.786337,-253;
0.786338,-2798;0.592196,-7155;-1.288666,-449;-0.306651,-587;-1.562980,-80;0.784635,-261;
0.784562,-2712;0.588730,-6926;-1.294281,-391;-0.308852,-544;-1.562987,-89;0.782882,-260;
0.782762,-2609;0.585399,-6946;-1.299958,-434;-0.311016,-572;-1.562994,-98;0.781180,-245;
0.780946,-2702;0.581863,-7004;-1.305432,-249;-0.313213,-569;-1.562998,-100;0.779375,-259;
0.779174,-2664;0.578287,-6857;-1.311179,-353;-0.315311,-574;-1.563005,-113;0.777534,-274;
0.777303,-2767;0.574836,-6878;-1.316993,-591;-0.317541,-553;-1.563009,-118;0.775660,-265;
0.775398,-2894;0.571177,-6899;-1.322615,-493;-0.319775,-569;-1.563017,-126;0.773826,-264;
0.773531,-2814;0.567503,-6869;-1.328545,-430;-0.321910,-578;-1.563031,-122;0.771860,-254;
0.771553,-2849;0.563811,-7057;-1.334549,-444;-0.324144,-602;-1.563042,-128;0.769857,-223;
0.769535,-2912;0.560222,-6921;-1.340584,-317;-0.326407,-614;-1.563053,-133;0.767909,-209;
0.767472,-2822;0.556435,-6816;-1.346361,-583;-0.328688,-588;-1.563061,-141;0.765851,-223;
0.765491,-2991;0.552593,-6813;-1.352494,-667;-0.330845,-636;-1.563071,-149;0.763764,-233;
0.763344,-3015;0.548891,-6713;-1.358688,-422;-0.333174,-596;-1.563093,-145;0.761732,-246;
0.761192,-2993;0.545002,-6767;-1.364640,-458;-0.335474,-596;-1.563108,-150;0.759561,-246;
0.759095,-3065;0.541050,-6781;-1.370904,-624;-0.337686,-605;-1.563123,-154;0.757352,-228;
0.756850,-3069;0.537079,-6698;-1.377236,-427;-0.339997,-639;-1.563134,-164;0.755104,-227;
0.754582,-3079;0.533276,-6904;-1.383589,-460;-0.342322,-630;-1.563156,-166;0.752940,-231;
0.752365,-3068;0.529238,-7018;-1.389725,-585;-0.344582,-588;-1.563178,-162;0.750647,-255;
0.750001,-3076;0.525150,-6828;-1.396155,-493;-0.346970,-543;-1.563204,-160;0.748296,-266;
0.747589,-2956;0.521197,-6699;-1.402615,-633;-0.349317,-556;-1.563222,-169;0.746011,-250;
0.745161,-3019;0.517046,-6806;-1.408846,-421;-0.351687,-561;-1.563240,-171;0.743572,-231;
0.742806,-3030;0.512860,-6738;-1.415373,-467;-0.353928,-566;-1.563266,-169;0.741088,-234;
0.740317,-3159;0.508650,-6798;-1.421953,-653;-0.356305,-543;-1.563292,-171;0.738579,-237;
0.737779,-3284;0.504581,-6579;-1.428303,-442;-0.358663,-567;-1.563314,-171;0.736144,-250;
0.735320,-3324;0.500319,-6661;-1.434953,-465;-0.360916,-573;-1.563332,-182;0.733536,-250;
0.732715,-3503;0.495999,-6731;-1.441652,-669;-0.363289,-570;-1.563354,-185;0.730895,-235;
0.730045,-3555;0.491826,-6520;-1.448373,-606;-0.365684,-548;-1.563376,-186;0.728342,-256;
0.727332,-3496;0.487442,-6490;-1.454824,-702;-0.368028,-570;-1.563394,-192;0.725620,-284;
0.724696,-3532;0.483024,-6622;-1.461658,-635;-0.370291,-588;-1.563416,-195;0.722866,-286;
0.721873,-3533;0.478578,-6544;-1.468510,-375;-0.372694,-544;-1.563446,-190;0.720060,-288;
0.719001,-3372;0.474307,-6597;-1.475040,-701;-0.375071,-529;-1.563479,-188;0.717342,-279;
0.716093,-3411;0.469782,-6606;-1.481957,-727;-0.377400,-593;-1.563504,-189;0.714466,-304;
0.713276,-3588;0.465244,-6555;-1.488910,-442;-0.379659,-603;-1.563526,-197;0.711513,-302;
0.710260,-3500;0.460899,-6735;-1.495860,-526;-0.382014,-591;-1.563556,-195;0.708645,-276;
0.707351,-3525;0.456276,-6718;-1.502516,-458;-0.384288,-552;-1.563585,-196;0.705589,-253;
0.704231,-3477;0.451616,-6429;-1.509500,-554;-0.386603,-633;-1.563614,-197;0.702493,-267;
0.701099,-3500;0.447155,-6467;-1.516539,-603;-0.388961,-595;-1.563640,-203;0.699361,-267;
0.697927,-3683;0.442434,-6467;-1.523266,-570;-0.391305,-585;-1.563662,-209;0.696309,-275;
0.694832,-3590;0.437679,-6241;-1.530296,-798;-0.393535,-575;-1.563695,-204;0.693045,-267;
0.691568,-3706;0.432927,-6362;-1.537433,-682;-0.395806,-657;-1.563724,-204;0.689758,-265;
0.688240,-3836;0.428381,-6424;-1.544585,-399;-0.398131,-632;-1.563754,-201;0.686571,-285;
0.685007,-3793;0.423604,-6564;-1.551391,-614;-0.400343,-615;-1.563779,-210;0.683156,-286;
0.681587,-3912;0.418742,-6454;-1.558565,-802;-0.402658,-585;-1.563805,-211;0.679693,-252;
0.678090,-3971;0.414058,-6129;-1.565772,-479;-0.404936,-637;-1.563831,-218;0.676351,-269;
0.674539,-3910;0.409159,-6171;-1.572664,-553;-0.407272,-543;-1.563864,-213;0.672782,-286;
0.671097,-3985;0.404214,-6273;-1.579890,-817;-0.409473,-522;-1.563897,-217;0.669162,-262;
0.667432,-4083;0.399242,-6092;-1.587158,-505;-0.411721,-573;-1.563933,-206;0.665505,-286;
0.663715,-4019;0.394502,-6287;-1.594427,-524;-0.413970,-584;-1.563959,-221;0.661973,-300;
0.660103,-4144;0.389497,-6455;-1.601399,-683;-0.416116,-573;-1.563996,-211;0.658213,-314;
0.656248,-4133;0.384451,-6278;-1.608682,-654;-0.418401,-506;-1.564025,-217;0.654373,-316;
0.652329,-3927;0.379613,-6290;-1.616006,-583;-0.420587,-566;-1.564058,-214;0.650664,-322;
0.648364,-3988;0.374506,-6330;-1.623027,-199;-0.422806,-533;-1.564091,-219;0.646717,-321;
0.644534,-3961;0.369378,-6195;-1.630307,-510;-0.424882,-546;-1.564124,-219;0.642671,-296;
0.640486,-4129;0.364213,-6137;-1.637640,-741;-0.427043,-543;-1.564165,-210;0.638596,-293;
0.636365,-4365;0.359240,-6170;-1.644679,-463;-0.429159,-612;-1.564190,-224;0.634639,-308;
0.632372,-4396;0.354035,-6072;-1.652009,-567;-0.431213,-558;-1.564227,-223;0.630406,-295;
0.628126,-4455;0.348824,-6212;-1.659360,-871;-0.433359,-515;-1.564256,-229;0.626140,-298;
0.623796,-4535;0.343797,-5971;-1.666757,-518;-0.435446,-543;-1.564300,-214;0.621999,-311;
0.619596,-4470;0.338522,-5884;-1.673821,-474;-0.437519,-562;-1.564330,-229;0.617564,-295;
0.615162,-4672;0.333197,-5898;-1.681203,-709;-0.439496,-543;-1.564370,-221;0.613093,-291;
0.610631,-4776;0.327861,-5736;-1.688588,-638;-0.441557,-520;-1.564407,-222;0.608552,-305;
0.606020,-4726;0.322766,-5886;-1.695666,-586;-0.443520,-608;-1.564432,-237;0.604161,-292;
0.601556,-4765;0.317411,-6150;-1.703094,-613;-0.445456,-542;-1.564476,-227;0.599517,-331;
0.596776,-4691;0.312016,-6002;-1.710485,-568;-0.447448,-536;-1.564509,-231;0.594763,-339;
0.591948,-4608;0.306833,-5957;-1.717880,-594;-0.449370,-569;-1.564553,-224;0.590171,-335;
0.587282,-4791;0.301376,-5994;-1.724970,-280;-0.451193,-602;-1.564594,-228;0.585296,-350;
0.582307,-4937;0.295902,-5820;-1.732325,-472;-0.453090,-607;-1.564638,-221;0.580300,-328;
0.577264,-4867;0.290663,-5907;-1.739700,-822;-0.454990,-556;-1.564674,-227;0.575268,-321;
0.572169,-5065;0.285128,-5883;-1.746782,-479;-0.456805,-611;-1.564704,-237;0.570371,-330;
0.567228,-5046;0.279574,-5681;-1.754161,-460;-0.458555,-583;-1.564744,-241;0.565144,-333;
0.561995,-5222;0.274023,-5785;-1.761540,-628;-0.460341,-592;-1.564788,-235;0.559869,-328;
0.556634,-5264;0.268689,-5532;-1.768916,-506;-0.462128,-564;-1.564839,-221;0.554738,-322;
0.551426,-5113;0.263111,-5542;-1.775945,-557;-0.463785,-579;-1.564873,-241;0.549273,-339;
0.545912,-5134;0.257477,-5541;-1.783306,-726;-0.465524,-538;-1.564916,-234;0.543737,-313;
0.540300,-5275;0.252089,-5414;-1.790645,-662;-0.467244,-501;-1.564957,-242;0.538140,-349;
0.534614,-5233;0.246455,-5499;-1.797678,-527;-0.468847,-580;-1.565012,-226;0.532675,-364;
0.529121,-5481;0.240797,-5699;-1.805050,-417;-0.470417,-558;-1.565056,-226;0.526905,-362;
0.523255,-5613;0.235114,-5552;-1.812374,-287;-0.472031,-532;-1.565104,-233;0.521036,-373;
0.517306,-5476;0.229655,-5530;-1.819309,-654;-0.473627,-478;-1.565137,-247;0.515358,-339;
0.511559,-5724;0.223921,-5561;-1.826608,-643;-0.475065,-542;-1.565181,-251;0.509339,-362;
0.505414,-5812;0.218164,-5349;-1.833904,-309;-0.476580,-512;-1.565239,-234;0.503180,-357;
0.499159,-5522;0.212681,-5435;-1.841121,-562;-0.478047,-509;-1.565291,-232;0.497238,-348;
0.492827,-5573;0.206900,-5467;-1.848019,-341;-0.479441,-544;-1.565338,-229;0.490918,-353;
0.486698,-5924;0.201117,-5384;-1.855199,-372;-0.480765,-551;-1.565371,-252;0.484477,-366;
0.480210,-5956;0.195354,-5558;-1.862378,-476;-0.482133,-512;-1.565430,-240;0.477966,-345;
0.473609,-6026;0.189791,-5621;-1.869197,-450;-0.483494,-454;-1.565485,-238;0.471661,-382;
0.467191,-5795;0.183959,-5326;-1.876297,-510;-0.484701,-493;-1.565540,-230;0.464926,-398;
0.460416,-5981;0.178123,-5281;-1.883412,-559;-0.485955,-484;-1.565588,-241;0.458115,-379;
0.453511,-6207;0.172551,-5146;-1.890476,-471;-0.487166,-488;-1.565650,-231;0.451509,-387;
0.446815,-6094;0.166721,-5174;-1.897200,-573;-0.488273,-488;-1.565694,-243;0.444459,-392;
0.439731,-6299;0.160882,-5356;-1.904260,-398;-0.489337,-588;-1.565746,-245;0.437332,-369;
0.432517,-6504;0.155285,-5239;-1.911268,-144;-0.490434,-547;-1.565800,-244;0.430091,-375;
0.425199,-6461;0.149438,-5246;-1.917885,-394;-0.491490,-523;-1.565867,-234;0.423041,-392;
0.418099,-6602;0.143565,-5319;-1.924798,-515;-0.492466,-481;-1.565933,-227;0.415591,-370;
0.410543,-6771;0.137699,-5204;-1.931705,-173;-0.493427,-518;-1.565984,-235;0.408039,-402;
0.402895,-6718;0.132111,-5367;-1.938536,-231;-0.494395,-443;-1.566050,-231;0.400739,-397;
0.395507,-7043;0.126233,-5408;-1.945024,-168;-0.495253,-435;-1.566127,-216;0.392989,-408;
0.387601,-7127;0.120348,-5166;-1.951763,-146;-0.496068,-489;-1.566193,-210;0.385084,-428;
0.379647,-7278;0.114776,-5432;-1.958499,-58;-0.496831,-558;-1.566255,-217;0.377425,-388;
0.371595,-7734;0.108915,-5565;-1.964882,65;-0.497594,-520;-1.566329,-205;0.369312,-400;
0.363766,-7622;0.103037,-5300;-1.971432,-325;-0.498305,-466;-1.566409,-197;0.361044,-417;
0.355505,-8023;0.097171,-5221;-1.977993,-428;-0.498966,-481;-1.566501,-171;0.352685,-395;
0.347101,-8424;0.091568,-5352;-1.984530,-77;-0.499600,-483;-1.566604,-144;0.344578,-418;
0.338941,-8474;0.085732,-5275;-1.990714,-46;-0.500161,-475;-1.566688,-133;0.335951,-452;
0.330720,-9023;0.080172,-5332;-1.996856,-115;-0.500693,-477;-1.566784,-116;0.327603,-417;
0.321973,-9564;0.074324,-5256;-2.003255,-141;-0.501203,-473;-1.566868,-115;0.318759,-433;
0.313060,-10102;0.068776,-5079;-2.009599,137;-0.501661,-483;-1.566941,-129;0.310135,-441;
0.304414,-10095;0.063017,-5373;-2.015582,113;-0.502061,-481;-1.567018,-125;0.300943,-433;
0.295271,-10353;0.057221,-5323;-2.021782,-14;-0.502450,-476;-1.567092,-132;0.291682,-408;
0.285909,-10478;0.051701,-5018;-2.027921,142;-0.502788,-463;-1.567176,-117;0.282710,-438;
0.276423,-10233;0.045993,-5089;-2.033732,250;-0.503066,-495;-1.567253,-116;0.273162,-470;
0.267281,-10676;0.040308,-5302;-2.039761,332;-0.503298,-499;-1.567326,-124;0.263522,-435;
0.257514,-10844;0.034659,-5267;-2.045703,536;-0.503492,-511;-1.567400,-125;0.253754,-451;
0.247658,-10800;0.029289,-5288;-2.051539,428;-0.503653,-519;-1.567477,-124;0.244320,-404;
0.238115,-10936;0.023676,-5237;-2.057078,433;-0.503752,-536;-1.567565,-112;0.234339,-438;
0.227968,-11155;0.018122,-5127;-2.062791,681;-0.503829,-541;-1.567653,-93;0.224190,-468;
0.217733,-11190;0.012859,-5174;-2.068388,621;-0.503884,-529;-1.567730,-99;0.214389,-437;
0.207409,-11638;0.007379,-5157;-2.073648,682;-0.503921,-501;-1.567825,-87;0.204027,-462;
0.197440,-11764;0.002159,-4835;-2.079039,571;-0.503917,-486;-1.567910,-73;0.193951,-479;
0.187409,-12367;-0.003221,-4724;-2.084159,645;-0.503910,-448;-1.567990,-83;0.183229,-473;
0.177211,-12877;-0.008576,-4877;-2.089214,755;-0.503884,-391;-1.568082,-74;0.172911,-426;
0.166427,-13590;-0.013619,-4723;-2.094422,843;-0.503859,-321;-1.568148,-89;0.162505,-460;
0.155941,-14099;-0.018827,-4691;-2.099296,1007;-0.503826,-222;-1.568229,-91;0.151449,-475;
0.144811,-14502;-0.023762,-4361;-2.104250,875;-0.503760,-155;-1.568306,-92;0.140720,-486;
0.133556,-14270;-0.028832,-4221;-2.108916,853;-0.503657,-89;-1.568368,-118;0.129349,-484;
0.122705,-14398;-0.033823,-4303;-2.113708,881;-0.503481,-95;-1.568460,-96;0.117912,-420;
0.111215,-14687;-0.038535,-4031;-2.118178,1049;-0.503290,-73;-1.568526,-117;0.106901,-441;
0.100094,-14222;-0.043330,-4157;-2.122712,971;-0.503063,-52;-1.568621,-96;0.095244,-464;
0.088414,-14410;-0.047873,-4067;-2.126956,908;-0.502777,-73;-1.568695,-103;0.084053,-443;
0.077089,-14544;-0.052340,-3939;-2.131307,961;-0.502494,-48;-1.568772,-115;0.072781,-474;
0.065687,-15008;-0.056930,-3857;-2.135376,1338;-0.502113,-131;-1.568860,-99;0.060842,-477;
0.054178,-15553;-0.061229,-3569;-2.139316,1502;-0.501768,-117;-1.568915,-142;0.049280,-468;
0.042019,-15984;-0.065561,-3735;-2.143324,1591;-0.501335,-156;-1.569003,-133;0.037073,-481;
0.029791,-15822;-0.069655,-3451;-2.147209,1625;-0.500935,-161;-1.569047,-176;0.024836,-438;
0.017510,-16061;-0.073809,-3460;-2.150788,1686;-0.500528,-115;-1.569149,-149;0.013088,-468;
0.005716,-15980;-0.077912,-2812;-2.154380,1651;-0.500095,-168;-1.569223,-151;0.000668,-477;
-0.006127,-16199;-0.081638,-2844;-2.157690,1519;-0.499721,-103;-1.569318,-143;-0.011254,-412;
-0.018622,-16542;-0.085285,-2705;-2.160904,1598;-0.499226,-195;-1.569414,-123;-0.023189,-439;