-0.2358,1.0235,0.2206,-0.1879,-0.803,-2.937,
-1.9974,-1.5038,-0.3349,1.9284,0.302,0.6155,
0.342,-0.4816,-1.1499,-0.9818,-0.4244,2.9736,
-0.245781,1.01598,0.218912,-0.178272,-0.801494,-2.93388,
-1.99494,-1.50546,-0.3399,1.92274,0.300628,0.631118,
0.642,-0.1816,-0.8499,-1.2818,-0.1244,3.2736,
-0.255747,1.00845,0.217204,-0.168675,-0.799991,-2.93069,
-1.99098,-1.50562,-0.343399,1.91558,0.300756,0.648236,
0.942,0.1184,-0.5499,-1.5818,0.1756,3.5736,
-0.265689,1.00092,0.215481,-0.159118,-0.798484,-2.9274,
-1.98552,-1.50427,-0.345398,1.90692,0.302384,0.666854,
1.242,0.4184,-0.2499,-1.8818,0.4756,3.8736,
-0.2756,0.993408,0.213752,-0.149608,-0.796965,-2.92402,
-1.97856,-1.50143,-0.345898,1.89676,0.305512,0.686972,
1.542,0.7184,0.0501,-2.1818,0.7756,4.1736,
-0.285472,0.985911,0.212024,-0.140153,-0.795426,-2.92053,
-1.9701,-1.49709,-0.344897,1.8851,0.31014,0.70859,
1.842,1.0184,0.3501,-2.4818,1.0756,4.4736,
-0.295298,0.978439,0.210306,-0.13076,-0.793861,-2.91693,
-1.96014,-1.49125,-0.342397,1.87195,0.316268,0.731708,
2.142,1.3184,0.6501,-2.7818,1.3756,4.7736,
-0.305071,0.971001,0.208603,-0.121436,-0.792261,-2.91321,
-1.94868,-1.48391,-0.338396,1.85729,0.323896,0.756326,
2.442,1.6184,0.9501,-3.0818,1.6756,5.0736,
-0.314782,0.963603,0.206924,-0.112189,-0.79062,-2.90936,
-1.93572,-1.47506,-0.332896,1.84113,0.333024,0.782444,
2.742,1.9184,1.2501,-3.3818,1.9756,5.3736,
-0.324425,0.956253,0.205276,-0.103027,-0.788928,-2.90538,
-1.92126,-1.46472,-0.325895,1.82347,0.343652,0.810062,
3.042,2.2184,1.5501,-3.6818,2.2756,5.6736,
-0.333993,0.948958,0.203668,-0.0939573,-0.787181,-2.90126,
-1.9053,-1.45288,-0.317395,1.80431,0.35578,0.83918,
3.342,2.5184,1.8501,-3.9818,2.5756,5.9736,
-0.343476,0.941726,0.202105,-0.0849867,-0.785368,-2.89699,
-1.88784,-1.43954,-0.307394,1.78365,0.369408,0.869798,
3.642,2.8184,2.1501,-4.2818,2.8756,6.2736,
-0.352868,0.934565,0.200596,-0.0761232,-0.783484,-2.89256,
-1.86888,-1.4247,-0.295894,1.76149,0.384536,0.901916,
3.942,3.1184,2.4501,-4.5818,3.1756,6.5736,
-0.362162,0.927482,0.199149,-0.0673743,-0.78152,-2.88796,
-1.84842,-1.40835,-0.282893,1.73783,0.401164,0.935534,
4.242,3.4184,2.7501,-4.8818,3.4756,6.8736,
-0.37135,0.920484,0.19777,-0.0587474,-0.77947,-2.8832,
-1.82646,-1.39051,-0.268393,1.71267,0.419292,0.970652,
4.542,3.7184,3.0501,-5.1818,3.7756,7.1736,
-0.380424,0.913579,0.196467,-0.0502501,-0.777325,-2.87826,
-1.803,-1.37117,-0.252396,1.68602,0.43892,1.00727,
4.842,4.0184,3.32292,-5.4818,4.0756,7.4736,
-0.389378,0.906775,0.195245,-0.0418898,-0.775078,-2.87312,
-1.77804,-1.35033,-0.236531,1.65786,0.460048,1.04539,
5.142,4.3184,3.02292,-5.7818,4.3756,7.7736,
-0.398202,0.900078,0.194099,-0.033674,-0.772722,-2.8678,
-1.75158,-1.32799,-0.222166,1.6282,0.482676,1.08501,
5.442,4.6184,2.72292,-6.0818,4.6756,8.0736,
-0.406891,0.893498,0.193021,-0.0256103,-0.77025,-2.86227,
-1.72362,-1.30414,-0.209302,1.59704,0.505953,1.12612,
5.742,4.9184,2.42292,-6.3818,4.52364,8.3736,
-0.415436,0.88704,0.192004,-0.0177061,-0.767665,-2.85654,
-1.69416,-1.2788,-0.197937,1.56438,0.527821,1.16874,
6.042,5.2184,2.12292,-6.6818,4.22364,8.6736,
-0.42383,0.880712,0.191039,-0.009969,-0.764974,-2.85058,
-1.6632,-1.25196,-0.188073,1.53022,0.548189,1.21286,
6.342,5.5184,1.82292,-6.9818,3.92364,8.9736,
-0.432065,0.874522,0.190121,-0.00240642,-0.762185,-2.8444,
-1.63074,-1.22362,-0.179708,1.49456,0.567058,1.25848,
6.642,5.8184,1.52292,-7.2818,3.62364,9.2736,
-0.440135,0.868478,0.18924,0.00497411,-0.759306,-2.83799,
-1.59678,-1.19378,-0.172843,1.4574,0.584426,1.3056,
6.942,6.1184,1.22292,-7.5818,3.32364,9.5736,
-0.448031,0.862587,0.18839,0.0121651,-0.756344,-2.83135,
-1.56132,-1.16243,-0.167479,1.41874,0.600294,1.35421,
7.242,6.4184,0.922922,-7.8818,3.02364,9.8736,
-0.455746,0.856856,0.187563,0.019159,-0.753306,-2.82445,
-1.52436,-1.12961,-0.163614,1.37858,0.614662,1.40408,
7.542,6.65376,0.622922,-8.1818,2.72364,10,
-0.463272,0.85129,0.186751,0.0259484,-0.7502,-2.8173,
-1.4859,-1.09709,-0.161249,1.33692,0.62753,1.45408,
7.842,6.35376,0.322922,-8.4818,2.42364,10,
-0.470602,0.845883,0.185948,0.0325258,-0.747033,-2.80991,
-1.44594,-1.06607,-0.160385,1.29377,0.638899,1.50408,
8.142,6.05376,0.0229221,-8.7818,2.12364,10,
-0.477729,0.840627,0.185146,0.0388836,-0.743813,-2.80226,
-1.40448,-1.03655,-0.16038,1.24911,0.648767,1.55408,
8.442,5.75376,0,-9.0818,1.82364,10,
-0.484644,0.835515,0.184344,0.0450144,-0.740548,-2.79437,
-1.36152,-1.00853,-0.16038,1.20295,0.657135,1.60408,
8.742,5.45376,0,-9.3818,1.52364,10,
-0.491341,0.830539,0.183542,0.0509106,-0.737244,-2.78622,
-1.31706,-0.982015,-0.16038,1.15529,0.664003,1.65408,
9.042,5.15376,0,-9.6818,1.22364,10,
-0.497812,0.825692,0.18274,0.0565647,-0.73391,-2.77783,
-1.2711,-0.956997,-0.16038,1.10613,0.669372,1.70408,
9.342,4.85376,0,-9.9818,0.923645,10,
-0.50405,0.820967,0.181938,0.0619704,-0.730553,-2.76918,
-1.22364,-0.933478,-0.16038,1.05613,0.67324,1.75408,
9.642,4.55376,0,-10,0.623645,10,
-0.510046,0.816355,0.181136,0.0671261,-0.72718,-2.76029,
-1.17468,-0.911459,-0.16038,1.00613,0.675608,1.80408,
9.942,4.25376,0,-10,0.323645,10,
-0.515795,0.81185,0.180334,0.0720317,-0.723799,-2.75114,
-1.12471,-0.89094,-0.16038,0.956133,0.676476,1.85408,
10,3.95376,0,-10,0.0236446,10,
-0.521293,0.807443,0.179532,0.0766874,-0.720417,-2.74175,
-1.07471,-0.871921,-0.16038,0.906133,0.676481,1.90408,
10,3.65376,0,-10,0,10,
-0.526542,0.803128,0.17873,0.0810931,-0.717035,-2.7321,
-1.02471,-0.854402,-0.16038,0.856133,0.676481,1.95408,
10,3.35376,0,-10,0,10,
-0.531541,0.798897,0.177929,0.0852487,-0.713652,-2.72221,
-0.974708,-0.838384,-0.16038,0.806133,0.676481,2.00408,
10,3.05376,0,-10,0,10,
-0.536289,0.794742,0.177127,0.0891544,-0.71027,-2.71206,
-0.924708,-0.823865,-0.16038,0.756133,0.676481,2.05408,
10,2.75376,0,-10,0,10,
-0.540788,0.790656,0.176325,0.0928101,-0.706887,-2.70166,
-0.874708,-0.810846,-0.16038,0.706133,0.676481,2.10408,
10,2.45376,0,-9.99123,0,10,
-0.545036,0.786631,0.175523,0.0962171,-0.703505,-2.69102,
-0.824708,-0.799327,-0.16038,0.656927,0.676481,2.15408,
10,2.15376,0,-9.69123,0,10,
-0.549035,0.78266,0.174721,0.0993818,-0.700123,-2.68012,
-0.774708,-0.789308,-0.16038,0.609221,0.676481,2.20366,
10,1.85376,0,-9.39123,0,9.77551,
-0.552783,0.778735,0.173919,0.102312,-0.69674,-2.66899,
-0.724708,-0.78079,-0.16038,0.563015,0.676481,2.25179,
10,1.55376,0,-9.09123,0,9.47551,
-0.556282,0.774849,0.173117,0.105014,-0.693358,-2.65761,
-0.674708,-0.773771,-0.16038,0.518309,0.676481,2.29842,
10,1.25376,0,-8.79123,0,9.17551,
-0.55953,0.770995,0.172315,0.107497,-0.689975,-2.646,
-0.624708,-0.768252,-0.16038,0.475103,0.676481,2.34354,
10,0.953763,0,-8.49123,0,8.87551,
-0.562529,0.767164,0.171513,0.109768,-0.686593,-2.63418,
-0.574708,-0.764233,-0.16038,0.433396,0.676481,2.38717,
10,0.653763,0,-8.19123,0,8.57551,
-0.565277,0.76335,0.170711,0.111834,-0.683211,-2.62213,
-0.524708,-0.761714,-0.16038,0.39319,0.676481,2.4293,
10,0.353763,0,-7.89123,0,8.27551,
-0.567776,0.759545,0.16991,0.113702,-0.679828,-2.60989,
-0.474708,-0.760695,-0.16038,0.354484,0.676481,2.46993,
10,0.0537634,0,-7.59123,0,7.97551,
-0.570024,0.755741,0.169108,0.115381,-0.676446,-2.59744,
-0.424708,-0.760671,-0.16038,0.317278,0.676481,2.50905,
10,0,0,-7.29123,0,7.67551,
-0.572023,0.751938,0.168306,0.116878,-0.673063,-2.5848,
-0.374708,-0.760671,-0.16038,0.281572,0.676481,2.54668,
10,0,0,-6.99123,0,7.37551,
-0.573772,0.748135,0.167504,0.118199,-0.669681,-2.57197,
-0.324708,-0.760671,-0.16038,0.247366,0.676481,2.58281,
10,0,0,-6.69123,0,7.07551,
-0.57527,0.744331,0.166702,0.119354,-0.666299,-2.55897,
-0.274708,-0.760671,-0.16038,0.214659,0.676481,2.61744,
10,0,0,-6.39123,0,6.77551,
-0.576519,0.740528,0.1659,0.120349,-0.662916,-2.5458,
-0.224708,-0.760671,-0.16038,0.183453,0.676481,2.65056,
10,0,0,-6.09123,0,6.47551,
-0.577517,0.736725,0.165098,0.121191,-0.659534,-2.53247,
-0.174864,-0.760671,-0.16038,0.153747,0.676481,2.68219,
9.86311,0,0,-5.79123,0,6.17551,
-0.57827,0.732921,0.164296,0.121888,-0.656151,-2.51898,
-0.126299,-0.760671,-0.16038,0.125541,0.676481,2.71232,
9.56311,0,0,-5.49123,0,5.87551,
-0.578783,0.729118,0.163494,0.122449,-0.652769,-2.50535,
-0.0792331,-0.760671,-0.16038,0.0988348,0.676481,2.74095,
9.26311,0,0,-5.19123,0,5.57551,
-0.579064,0.725314,0.162692,0.122879,-0.649387,-2.49157,
-0.0336676,-0.760671,-0.16038,0.0736286,0.676481,2.76807,
8.96311,0,0,-4.89123,0,5.27551,
-0.579122,0.721511,0.16189,0.123188,-0.646004,-2.47767,
0.0103979,-0.760671,-0.16038,0.0499224,0.676481,2.7937,
8.66311,0,0,-4.59123,0,4.97551,
-0.578963,0.717708,0.161089,0.123381,-0.642622,-2.46364,
0.0529635,-0.760671,-0.16038,0.0277163,0.676481,2.81783,
8.36311,0,0,-4.29123,0,4.67551,
-0.578595,0.713904,0.160287,0.123467,-0.639239,-2.44949,
0.094029,-0.760671,-0.16038,0.00701009,0.676481,2.84046,
8.06311,0,0,-3.99123,0,4.37551,
-0.578025,0.710101,0.159485,0.123454,-0.635857,-2.43524,
0.133595,-0.760671,-0.16038,-0.0121961,0.676481,2.86158,
7.76311,0,0,-3.69123,0,4.07551,
-0.577261,0.706298,0.158683,0.123348,-0.632474,-2.42088,
0.17166,-0.760671,-0.16038,-0.0299022,0.676481,2.88121,
7.46311,0,0,-3.39123,0,3.77551,
-0.576311,0.702494,0.157881,0.123157,-0.629092,-2.40643,
0.208226,-0.760671,-0.16038,-0.0461084,0.676481,2.89934,
7.16311,0,0,-3.09123,0,3.47551,
-0.575182,0.698691,0.157079,0.122889,-0.62571,-2.39189,
0.243291,-0.760671,-0.16038,-0.0608146,0.676481,2.91597,
6.86311,0,0,-2.79123,0,3.17551,
-0.573881,0.694888,0.156277,0.122551,-0.622327,-2.37727,
0.276857,-0.760671,-0.16038,-0.0740207,0.676481,2.9311,
6.56311,0,0,-2.49123,0,2.87551,
-0.572416,0.691084,0.155475,0.122151,-0.618945,-2.36258,
0.308922,-0.760671,-0.16038,-0.0857269,0.676481,2.94472,
6.26311,0,0,-2.19123,0,2.57551,
-0.570794,0.687281,0.154673,0.121697,-0.615562,-2.34783,
0.339488,-0.760671,-0.16038,-0.0959331,0.676481,2.95685,
5.96311,0,0,-1.89123,0,2.27551,
-0.569023,0.683478,0.153871,0.121195,-0.61218,-2.33302,
0.368553,-0.760671,-0.16038,-0.104639,0.676481,2.96748,
5.66311,0,0,-1.59123,0,1.97551,
-0.567111,0.679674,0.15307,0.120653,-0.608798,-2.31815,
0.396119,-0.760671,-0.16038,-0.111845,0.676481,2.97661,
5.36311,0,0,-1.29123,0,1.67551,
-0.565065,0.675871,0.152268,0.120079,-0.605415,-2.30325,
0.422184,-0.760671,-0.16038,-0.117552,0.676481,2.98423,
5.06311,0,0,-0.991233,0,1.37551,
-0.562892,0.672067,0.151466,0.11948,-0.602033,-2.28831,
0.44675,-0.760671,-0.16038,-0.121758,0.676481,2.99036,
4.76311,0,0,-0.691233,0,1.07551,
-0.5606,0.668264,0.150664,0.118864,-0.59865,-2.27335,
0.469815,-0.760671,-0.16038,-0.124464,0.676481,2.99499,
4.46311,0,0,-0.391233,0,0.775515,
-0.558196,0.664461,0.149862,0.118238,-0.595268,-2.25837,
0.491381,-0.760671,-0.16038,-0.12567,0.676481,2.99812,
4.16311,0,0,-0.0912331,0,0.475515,
-0.555688,0.660657,0.14906,0.117609,-0.591886,-2.24337,
0.511446,-0.760671,-0.16038,-0.125739,0.676481,2.99974,
3.86311,0,0,0,0,0.175515,
-0.553084,0.656854,0.148258,0.11698,-0.588503,-2.22837,
0.530012,-0.760671,-0.16038,-0.125739,0.676481,3,
3.56311,0,0,0,0,0,
-0.550391,0.653051,0.147456,0.116352,-0.585121,-2.21337,
0.547077,-0.760671,-0.16038,-0.125739,0.676481,3,
3.26311,0,0,0,0,0,
-0.547616,0.649247,0.146654,0.115723,-0.581738,-2.19837,
0.562643,-0.760671,-0.16038,-0.125739,0.676481,3,
2.96311,0,0,0,0,0,
-0.544767,0.645444,0.145852,0.115094,-0.578356,-2.18337,
0.576709,-0.760671,-0.16038,-0.125739,0.676481,3,
2.66311,0,0,0,0,0,
-0.541851,0.641641,0.145051,0.114466,-0.574974,-2.16837,
0.589274,-0.760671,-0.16038,-0.125739,0.676481,3,
2.36311,0,0,0,0,0,
-0.538876,0.637837,0.144249,0.113837,-0.571591,-2.15337,
0.60034,-0.760671,-0.16038,-0.125739,0.676481,3,
2.06311,0,0,0,0,0,
-0.53585,0.634034,0.143447,0.113208,-0.568209,-2.13837,
0.609905,-0.760671,-0.16038,-0.125739,0.676481,3,
1.76311,0,0,0,0,0,
-0.53278,0.630231,0.142645,0.112579,-0.564826,-2.12337,
0.617971,-0.760671,-0.16038,-0.125739,0.676481,3,
1.46311,0,0,0,0,0,
-0.529673,0.626427,0.141843,0.111951,-0.561444,-2.10837,
0.624536,-0.760671,-0.16038,-0.125739,0.676481,3,
1.16311,0,0,0,0,0,
-0.526537,0.622624,0.141041,0.111322,-0.558062,-2.09337,
0.629602,-0.760671,-0.16038,-0.125739,0.676481,3,
0.863106,0,0,0,0,0,
-0.523379,0.618821,0.140239,0.110693,-0.554679,-2.07837,
0.633167,-0.760671,-0.16038,-0.125739,0.676481,3,
0.563106,0,0,0,0,0,
-0.520208,0.615017,0.139437,0.110065,-0.551297,-2.06337,
0.635233,-0.760671,-0.16038,-0.125739,0.676481,3,
0.263106,0,0,0,0,0,
-0.51703,0.611214,0.138635,0.109436,-0.547914,-2.04837,
0.63581,-0.760671,-0.16038,-0.125739,0.676481,3,
0,0,0,0,0,0,
-0.513851,0.60741,0.137833,0.108807,-0.544532,-2.03337,
0.63581,-0.760671,-0.16038,-0.125739,0.676481,3,
0,0,0,0,0,0,
-0.510672,0.603607,0.137032,0.108179,-0.54115,-2.01837,
0.63581,-0.760671,-0.16038,-0.125739,0.676481,3,
0,0,0,0,0,0,
-0.507492,0.599804,0.13623,0.10755,-0.537767,-2.00337,
0.63581,-0.760671,-0.16038,-0.125739,0.676481,3,
0,0,0,0,0,0,
-0.504313,0.596,0.135428,0.106921,-0.534385,-1.98837,
0.63581,-0.760671,-0.16038,-0.125739,0.676481,3,
0,0,0,0,0,0,
-0.501134,0.592197,0.134626,0.106292,-0.531002,-1.97337,
0.63581,-0.760671,-0.16038,-0.125739,0.676481,3,
0,0,0,0,0,0,
-0.497955,0.588394,0.133824,0.105664,-0.52762,-1.95837,
0.63581,-0.760671,-0.16038,-0.125739,0.676481,3,
0,0,0,0,0,0,
-0.494776,0.58459,0.133022,0.105035,-0.524238,-1.94337,
0.63581,-0.760671,-0.16038,-0.125739,0.676481,3,
0,0,0,0,0,0,
-0.491597,0.580787,0.13222,0.104406,-0.520855,-1.92837,
0.63581,-0.760671,-0.16038,-0.125739,0.676481,3,
0,0,0,0,0,0,
-0.488418,0.576984,0.131418,0.103778,-0.517473,-1.91337,
0.63581,-0.760671,-0.16038,-0.125739,0.676481,3,
0,0,0,0,0,0,
-0.485239,0.57318,0.130616,0.103149,-0.51409,-1.89837,
0.63581,-0.760671,-0.16038,-0.125739,0.676481,3,
0,0,0,0,0,0,
-0.48206,0.569377,0.129814,0.10252,-0.510708,-1.88337,
0.63581,-0.760671,-0.16038,-0.125739,0.676481,3,
0,0,0,0,0,0,
-0.478881,0.565574,0.129012,0.101892,-0.507326,-1.86837,
0.63581,-0.760671,-0.16038,-0.125739,0.676481,3,
0,0,0,0,0,0,
-0.475702,0.56177,0.128211,0.101263,-0.503943,-1.85337,
0.63581,-0.760671,-0.16038,-0.125739,0.676481,3,
0,0,0,0,0,0,
-0.472523,0.557967,0.127409,0.100634,-0.500561,-1.83837,
0.63581,-0.760671,-0.16038,-0.125739,0.676481,3,
0,0,0,0,0,0,
-0.469344,0.554163,0.126607,0.100005,-0.497178,-1.82337,
0.63581,-0.760671,-0.16038,-0.125739,0.676481,3,
0,0,0,0,0,0,
-0.466165,0.55036,0.125805,0.0993768,-0.493796,-1.80837,
0.63581,-0.760671,-0.16038,-0.125739,0.676481,3,
0,0,0,0,0,0,
-0.462986,0.546557,0.125003,0.0987481,-0.490414,-1.79337,
0.63581,-0.760671,-0.16038,-0.125739,0.676481,3,
0,0,0,0,0,0,
-0.459807,0.542753,0.124201,0.0981194,-0.487031,-1.77837,
0.63581,-0.760671,-0.16038,-0.125739,0.676481,3,
0,0,0,0,0,0,
-0.456628,0.53895,0.123399,0.0974907,-0.483649,-1.76337,
0.63581,-0.760671,-0.16038,-0.125739,0.676481,3,
0,0,0,0,0,0,
-0.453449,0.535147,0.122597,0.096862,-0.480266,-1.74837,
0.63581,-0.760671,-0.16038,-0.125739,0.676481,3,
0,0,0,0,0,0,
-0.45027,0.531343,0.121795,0.0962333,-0.476884,-1.73337,
0.63581,-0.760671,-0.16038,-0.125739,0.676481,3,
0,0,0,0,0,0,
-0.447091,0.52754,0.120993,0.0956046,-0.473501,-1.71837,
0.63581,-0.760671,-0.16038,-0.125739,0.676481,3,
0,0,0,0,0,0,
-0.443912,0.523737,0.120192,0.0949759,-0.470119,-1.70337,
0.63581,-0.760671,-0.16038,-0.125739,0.676481,3,
0,0,0,0,0,0,
-0.440732,0.519933,0.11939,0.0943472,-0.466737,-1.68837,
0.63581,-0.760671,-0.16038,-0.125739,0.676481,3,
0,0,0,0,0,0,
-0.437553,0.51613,0.118588,0.0937185,-0.463354,-1.67337,
0.63581,-0.760671,-0.16038,-0.125739,0.676481,3,
0,0,0,0,0,0,
-0.434374,0.512327,0.117786,0.0930898,-0.459972,-1.65837,
0.63581,-0.760671,-0.16038,-0.125739,0.676481,3,
0,0,0,0,0,0,
-0.431195,0.508523,0.116984,0.0924611,-0.456589,-1.64337,
0.63581,-0.760671,-0.16038,-0.125739,0.676481,3,
0,0,0,0,0,0,
-0.428016,0.50472,0.116182,0.0918324,-0.453207,-1.62837,
0.63581,-0.760671,-0.16038,-0.125739,0.676481,3,
0,0,0,0,0,0,
-0.424837,0.500916,0.11538,0.0912037,-0.449825,-1.61337,
0.63581,-0.760671,-0.16038,-0.125739,0.676481,3,
0,0,0,0,0,0,
-0.421658,0.497113,0.114578,0.090575,-0.446442,-1.59837,
0.63581,-0.760671,-0.16038,-0.125739,0.676481,3,
0,0,0,0,0,0,
-0.418479,0.49331,0.113776,0.0899463,-0.44306,-1.58337,
0.63581,-0.760671,-0.16038,-0.125739,0.676481,3,
0,0,0,0,0,0,
-0.4153,0.489506,0.112974,0.0893176,-0.439677,-1.56837,
0.63581,-0.760671,-0.16038,-0.125739,0.676481,3,
0,0,0,0,0,0,
-0.412121,0.485703,0.112173,0.0886889,-0.436295,-1.55337,
0.63581,-0.760671,-0.16038,-0.125739,0.676481,3,
0,0,0,0,0,0,
-0.408942,0.4819,0.111371,0.0880602,-0.432913,-1.53837,
0.63581,-0.760671,-0.16038,-0.125739,0.676481,3,
0,0,0,0,0,0,
-0.405763,0.478096,0.110569,0.0874315,-0.42953,-1.52337,
0.63581,-0.760671,-0.16038,-0.125739,0.676481,3,
0,0,0,0,0,0,
-0.402584,0.474293,0.109767,0.0868028,-0.426148,-1.50837,
0.63581,-0.760671,-0.16038,-0.125739,0.676481,3,
0,0,0,0,0,0,
-0.399405,0.47049,0.108965,0.0861741,-0.422765,-1.49337,
0.63581,-0.760671,-0.16038,-0.125739,0.676481,3,
0,0,0,0,0,0,
-0.396226,0.466686,0.108163,0.0855454,-0.419383,-1.47837,
0.63581,-0.760671,-0.16038,-0.125739,0.676481,3,
0,0,0,0,0,0,
-0.393047,0.462883,0.107361,0.0849167,-0.416001,-1.46337,
0.63581,-0.760671,-0.16038,-0.125739,0.676481,3,
0,0,0,0,0,0,
-0.389868,0.45908,0.106559,0.0842881,-0.412618,-1.44837,
0.63581,-0.760671,-0.16038,-0.125739,0.676481,3,
0,0,0,0,0,0,
-0.386689,0.455276,0.105757,0.0836594,-0.409236,-1.43337,
0.63581,-0.760671,-0.16038,-0.125739,0.676481,3,
0,0,0,0,0,0,
-0.38351,0.451473,0.104955,0.0830307,-0.405853,-1.41837,
0.63581,-0.760671,-0.16038,-0.125739,0.676481,3,
0,0,0,0,0,0,
-0.380331,0.447669,0.104154,0.082402,-0.402471,-1.40337,
0.63581,-0.760671,-0.16038,-0.125739,0.676481,3,
0,0,0,0,0,0,
-0.377151,0.443866,0.103352,0.0817733,-0.399089,-1.38837,
0.63581,-0.760671,-0.16038,-0.125739,0.676481,3,
0,0,0,0,0,0,
-0.373972,0.440063,0.10255,0.0811446,-0.395706,-1.37337,
0.63581,-0.760671,-0.16038,-0.125739,0.676481,3,
0,0,0,0,0,0,
-0.370793,0.436259,0.101748,0.0805159,-0.392324,-1.35837,
0.63581,-0.760671,-0.16038,-0.125739,0.676481,3,
0,0,0,0,0,0,
-0.367614,0.432456,0.100946,0.0798872,-0.388941,-1.34337,
0.63581,-0.760671,-0.16038,-0.125739,0.676481,3,
0,0,0,0,0,0,
-0.364435,0.428653,0.100144,0.0792585,-0.385559,-1.32837,
0.63581,-0.760671,-0.16038,-0.125739,0.676481,3,
0,0,0,0,0,0,
-0.361256,0.424849,0.0993421,0.0786298,-0.382177,-1.31337,
0.63581,-0.760671,-0.16038,-0.125739,0.676481,3,
0,0,0,0,0,0,
-0.358077,0.421046,0.0985402,0.0780011,-0.378794,-1.29837,
0.63581,-0.760671,-0.16038,-0.125739,0.676481,3,
0,0,0,0,0,0,
-0.354898,0.417243,0.0977383,0.0773724,-0.375412,-1.28337,
0.63581,-0.760671,-0.16038,-0.125739,0.676481,3,
0,0,0,0,0,0,
-0.351719,0.413439,0.0969364,0.0767437,-0.372029,-1.26837,
0.63581,-0.760671,-0.16038,-0.125739,0.676481,3,
0,0,0,0,0,0,
-0.34854,0.409636,0.0961345,0.076115,-0.368647,-1.25337,
0.63581,-0.760671,-0.16038,-0.125739,0.676481,3,
0,0,0,0,0,0,
-0.345361,0.405833,0.0953326,0.0754863,-0.365265,-1.23837,
0.63581,-0.760671,-0.16038,-0.125739,0.676481,3,
0,0,0,0,0,0,
-0.342182,0.402029,0.0945307,0.0748576,-0.361882,-1.22337,
0.63581,-0.760671,-0.16038,-0.125739,0.676481,3,
0,0,0,0,0,0,
-0.339003,0.398226,0.0937288,0.0742289,-0.3585,-1.20837,
0.63581,-0.760671,-0.16038,-0.125739,0.676481,3,
0,0,0,0,0,0,
-0.335824,0.394422,0.0929269,0.0736002,-0.355117,-1.19337,
0.63581,-0.760671,-0.16038,-0.125739,0.676481,3,
0,0,0,0,0,0,
-0.332645,0.390619,0.092125,0.0729715,-0.351735,-1.17837,
0.63581,-0.760671,-0.16038,-0.125739,0.676481,3,
0,0,0,0,0,0,
-0.329466,0.386816,0.0913231,0.0723428,-0.348353,-1.16337,
0.63581,-0.760671,-0.16038,-0.125739,0.676481,3,
0,0,0,0,0,0,
-0.326287,0.383012,0.0905212,0.0717141,-0.34497,-1.14837,
0.63581,-0.760671,-0.16038,-0.125739,0.676481,3,
0,0,0,0,0,0,
-0.323108,0.379209,0.0897193,0.0710854,-0.341588,-1.13337,
0.63581,-0.760671,-0.16038,-0.125739,0.676481,3,
0,0,0,0,0,0,
-0.319929,0.375406,0.0889174,0.0704567,-0.338205,-1.11837,
0.63581,-0.760671,-0.16038,-0.125739,0.676481,3,
0,0,0,0,0,0,
-0.31675,0.371602,0.0881155,0.069828,-0.334823,-1.10337,
0.63581,-0.760671,-0.16038,-0.125739,0.676481,3,
0,0,0,0,0,0,
-0.313571,0.367799,0.0873136,0.0691993,-0.33144,-1.08837,
0.63581,-0.760671,-0.16038,-0.125739,0.676481,3,
0,0,0,0,0,0,
-0.310391,0.363996,0.0865117,0.0685706,-0.328058,-1.07337,
0.63581,-0.760671,-0.16038,-0.125739,0.676481,3,
0,0,0,0,0,0,
-0.307212,0.360192,0.0857098,0.0679419,-0.324676,-1.05837,
0.63581,-0.760671,-0.16038,-0.125739,0.676481,3,
0,0,0,0,0,0,
-0.304033,0.356389,0.0849079,0.0673132,-0.321293,-1.04337,
0.63581,-0.760671,-0.16038,-0.125739,0.676481,3,
0,0,0,0,0,0,
-0.300854,0.352586,0.084106,0.0666845,-0.317911,-1.02837,
0.63581,-0.760671,-0.16038,-0.125739,0.676481,3,
0,0,0,0,0,0,
-0.297675,0.348782,0.0833041,0.0660558,-0.314528,-1.01337,
0.63581,-0.760671,-0.16038,-0.125739,0.676481,3,
0,0,0,0,0,0,
-0.294496,0.344979,0.0825022,0.0654271,-0.311146,-0.998372,
0.63581,-0.760671,-0.16038,-0.125739,0.676481,3,
0,0,0,0,0,0,
-0.291317,0.341175,0.0817003,0.0647984,-0.307764,-0.983372,
0.63581,-0.760671,-0.16038,-0.125739,0.676481,3,
0,0,0,0,0,0,
-0.288138,0.337372,0.0808984,0.0641697,-0.304381,-0.968372,
0.63581,-0.760671,-0.16038,-0.125739,0.676481,3,
0,0,0,0,0,0,
-0.284959,0.333569,0.0800965,0.063541,-0.300999,-0.953372,
0.63581,-0.760671,-0.16038,-0.125739,0.676481,3,
0,0,0,0,0,0,
-0.28178,0.329765,0.0792945,0.0629123,-0.297616,-0.938372,
0.63581,-0.760671,-0.16038,-0.125739,0.676481,3,
0,0,0,0,0,0,
-0.278601,0.325962,0.0784926,0.0622837,-0.294234,-0.923372,
0.63581,-0.760671,-0.16038,-0.125739,0.676481,3,
0,0,0,0,0,0,
-0.275422,0.322159,0.0776907,0.061655,-0.290852,-0.908372,
0.63581,-0.760671,-0.16038,-0.125739,0.676481,3,
0,0,0,0,0,0,
-0.272243,0.318355,0.0768888,0.0610263,-0.287469,-0.893372,
0.63581,-0.760671,-0.16038,-0.125739,0.676481,3,
0,0,0,0,0,0,
-0.269064,0.314552,0.0760869,0.0603976,-0.284087,-0.878372,
0.63581,-0.760671,-0.16038,-0.125739,0.676481,3,
0,0,0,0,0,0,
-0.265885,0.310749,0.075285,0.0597689,-0.280704,-0.863372,
0.63581,-0.760671,-0.16038,-0.125739,0.676481,3,
0,0,0,0,0,0,
-0.262706,0.306945,0.0744831,0.0591402,-0.277322,-0.848372,
0.63581,-0.760671,-0.16038,-0.125739,0.676481,3,
0,0,0,0,0,0,
-0.259527,0.303142,0.0736812,0.0585115,-0.27394,-0.833372,
0.63581,-0.760671,-0.16038,-0.125739,0.676481,3,
0,0,0,0,0,0,
-0.256348,0.299339,0.0728793,0.0578828,-0.270557,-0.818372,
0.63581,-0.760671,-0.16038,-0.125739,0.676481,3,
0,0,0,0,0,0,
-0.253169,0.295535,0.0720774,0.0572541,-0.267175,-0.803372,
0.63581,-0.760671,-0.16038,-0.125739,0.676481,3,
0,0,0,0,0,0,
-0.24999,0.291732,0.0712755,0.0566254,-0.263792,-0.788372,
0.63581,-0.760671,-0.16038,-0.125739,0.676481,3,
0,0,0,0,0,0,
-0.246811,0.287928,0.0704736,0.0559967,-0.26041,-0.773372,
0.63581,-0.760671,-0.16038,-0.125739,0.676481,3,
0,0,0,0,0,0,
-0.243631,0.284125,0.0696717,0.055368,-0.257028,-0.758372,
0.63581,-0.760671,-0.16038,-0.125739,0.676481,3,
0,0,0,0,0,0,
-0.240452,0.280322,0.0688698,0.0547393,-0.253645,-0.743372,
0.63581,-0.760671,-0.16038,-0.125739,0.676481,3,
0,0,0,0,0,0,
-0.237273,0.276518,0.0680679,0.0541106,-0.250263,-0.728372,
0.63581,-0.760671,-0.16038,-0.125739,0.676481,3,
0,0,0,0,0,0,
-0.234094,0.272715,0.067266,0.0534819,-0.24688,-0.713372,
0.63581,-0.760671,-0.16038,-0.125739,0.676481,3,
0,0,0,0,0,0,
-0.230915,0.268912,0.0664641,0.0528532,-0.243498,-0.698372,
0.63581,-0.760671,-0.16038,-0.125739,0.676481,2.99999,
0,0,0,0,0,-0.0325542,
-0.227736,0.265108,0.0656622,0.0522245,-0.240116,-0.683374,
0.63581,-0.760671,-0.16038,-0.125739,0.676481,2.99908,
0,0,0,0,0,-0.332554,
-0.224557,0.261305,0.0648603,0.0515958,-0.236733,-0.668384,
0.63581,-0.760671,-0.16038,-0.125739,0.676481,2.99667,
0,0,0,0,0,-0.632554,
-0.221378,0.257502,0.0640584,0.0509671,-0.233351,-0.65341,
0.63581,-0.760671,-0.16038,-0.125739,0.676481,2.99275,
0,0,0,0,0,-0.932554,
-0.218199,0.253698,0.0632565,0.0503384,-0.229968,-0.638459,
0.63581,-0.760671,-0.16038,-0.125739,0.676481,2.98734,
0,0,0,0,0,-1.23255,
-0.21502,0.249895,0.0624546,0.0497097,-0.226586,-0.623539,
0.63581,-0.760671,-0.16038,-0.125739,0.676481,2.98043,
0,0,0,0,0,-1.53255,
-0.211841,0.246092,0.0616527,0.049081,-0.223204,-0.608657,
0.63581,-0.760671,-0.16038,-0.125739,0.676481,2.97201,
0,0,0,0,0,-1.83255,
-0.208662,0.242288,0.0608508,0.0484523,-0.219821,-0.593821,
0.63581,-0.760671,-0.16038,-0.125739,0.676481,2.9621,
0,0,0,0,0,-2.13255,
-0.205483,0.238485,0.0600489,0.0478236,-0.216439,-0.579039,
0.63581,-0.760671,-0.16038,-0.125739,0.676481,2.95069,
0,0,0,0,0,-2.43255,
-0.202304,0.234681,0.059247,0.0471949,-0.213056,-0.564317,
0.63581,-0.760671,-0.16038,-0.125739,0.676481,2.93778,
0,0,0,0,0,-2.73255,
-0.199125,0.230878,0.0584451,0.0465662,-0.209674,-0.549663,
0.63581,-0.760671,-0.16038,-0.125739,0.676481,2.92336,
0,0,0,0,0,-3.03255,
-0.195946,0.227075,0.0576432,0.0459375,-0.206292,-0.535086,
0.63581,-0.760671,-0.16038,-0.125739,0.676481,2.90745,
0,0,0,0,0,-3.33255,
-0.192767,0.223271,0.0568413,0.0453088,-0.202909,-0.520591,
0.63581,-0.760671,-0.16038,-0.125739,0.676481,2.89004,
0,0,0,0,0,-3.63255,
-0.189588,0.219468,0.0560394,0.0446801,-0.199527,-0.506188,
0.63581,-0.760671,-0.16038,-0.125739,0.676481,2.87113,
0,0,0,0,0,-3.93255,
-0.186409,0.215665,0.0552375,0.0440514,-0.196144,-0.491883,
0.63581,-0.760671,-0.16038,-0.125739,0.676481,2.85071,
0,0,0,0,0,-4.23255,
-0.18323,0.211861,0.0544356,0.0434227,-0.192762,-0.477683,
0.63581,-0.760671,-0.16038,-0.125739,0.676481,2.8288,
0,0,0,0,0,-4.53255,
-0.18005,0.208058,0.0536337,0.042794,-0.18938,-0.463597,
0.63581,-0.760671,-0.16038,-0.125739,0.676481,2.80539,
0,0,0,0,0,-4.83255,
-0.176871,0.204255,0.0528318,0.0421653,-0.185997,-0.449632,
0.63581,-0.760671,-0.16038,-0.125739,0.676481,2.78047,
0,0,0,0,0,-5.13255,
-0.173692,0.200451,0.0520299,0.0415366,-0.182615,-0.435795,
0.63581,-0.760671,-0.16038,-0.125739,0.676481,2.75406,
0,0,0,0,0,-5.43255,
-0.170513,0.196648,0.051228,0.040908,-0.179232,-0.422094,
0.63581,-0.760671,-0.16038,-0.125739,0.676481,2.72615,
0,0,0,0,0,-5.73255,
-0.167334,0.192845,0.0504261,0.0402793,-0.17585,-0.408536,
0.63581,-0.760671,-0.16038,-0.125739,0.676481,2.69674,
0,0,0,0,0,-6.03255,
-0.164155,0.189041,0.0496242,0.0396506,-0.172467,-0.395129,
0.63581,-0.760671,-0.16038,-0.125739,0.676481,2.66582,
0,0,0,0,0,-6.33255,
-0.160976,0.185238,0.0488223,0.0390219,-0.169085,-0.38188,
0.63581,-0.760671,-0.16038,-0.125739,0.676481,2.63341,
0,0,0,0,0,-6.63255,
-0.157797,0.181434,0.0480204,0.0383932,-0.165703,-0.368797,
0.63581,-0.760671,-0.16038,-0.125739,0.676481,2.5995,
0,0,0,0,0,-6.93255,
-0.154618,0.177631,0.0472185,0.0377645,-0.16232,-0.355888,
0.63581,-0.760671,-0.16038,-0.125739,0.676481,2.56408,
0,0,0,0,0,-7.23255,
-0.151439,0.173828,0.0464165,0.0371358,-0.158938,-0.343159,
0.63581,-0.760671,-0.16038,-0.125739,0.676481,2.52717,
0,0,0,0,0,-7.53255,
-0.14826,0.170024,0.0456146,0.0365071,-0.155555,-0.330619,
0.63581,-0.760671,-0.16038,-0.125739,0.676481,2.48876,
0,0,0,0,0,-7.83255,
-0.145081,0.166221,0.0448127,0.0358784,-0.152173,-0.318274,
0.63581,-0.760671,-0.16038,-0.125739,0.676481,2.44885,
0,0,0,0,0,-8.13255,
-0.141902,0.162418,0.0440108,0.0352497,-0.148791,-0.306133,
0.63581,-0.760671,-0.16038,-0.125739,0.676481,2.40743,
0,0,0,0,0,-8.43255,
-0.138723,0.158614,0.0432089,0.034621,-0.145408,-0.294202,
0.63581,-0.760671,-0.16038,-0.125739,0.676481,2.36452,
0,0,0,0,0,-8.73255,
-0.135544,0.154811,0.042407,0.0339923,-0.142026,-0.28249,
0.63581,-0.760671,-0.16038,-0.125739,0.676481,2.32011,
0,0,0,0,0,-9.03255,
-0.132365,0.151008,0.0416051,0.0333636,-0.138643,-0.271003,
0.63581,-0.760671,-0.16038,-0.125739,0.676481,2.2742,
0,0,0,0,0,-9.33255,
-0.129186,0.147204,0.0408032,0.0327349,-0.135261,-0.25975,
0.63581,-0.760671,-0.16038,-0.125739,0.676481,2.22678,
0,0,0,0,0,-9.63255,
-0.126007,0.143401,0.0400013,0.0321062,-0.131879,-0.248738,
0.63581,-0.760671,-0.16038,-0.125739,0.676481,2.17787,
0,0,0,0,0,-9.93255,
-0.122828,0.139598,0.0391994,0.0314775,-0.128496,-0.237974,
0.63581,-0.760671,-0.16038,-0.125739,0.676481,2.12791,
0,0,0,0,0,-10,
-0.119649,0.135794,0.0383975,0.0308488,-0.125114,-0.227459,
0.63581,-0.760671,-0.16038,-0.125739,0.676481,2.07791,
0,0,0,0,0,-10,
-0.11647,0.131991,0.0375956,0.0302201,-0.121731,-0.217195,
0.63581,-0.760671,-0.16038,-0.125739,0.676481,2.02791,
0,0,0,0,0,-10,
-0.11329,0.128187,0.0367937,0.0295914,-0.118349,-0.20718,
0.63581,-0.760671,-0.16038,-0.125739,0.676481,1.97791,
0,0,0,0,0,-10,
-0.110111,0.124384,0.0359918,0.0289627,-0.114967,-0.197415,
0.63581,-0.760671,-0.16038,-0.125739,0.676481,1.92791,
0,0,0,0,0,-10,
-0.106932,0.120581,0.0351899,0.028334,-0.111584,-0.187901,
0.63581,-0.760671,-0.16038,-0.125739,0.676481,1.87791,
0,0,0,0,0,-10,
-0.103753,0.116777,0.034388,0.0277053,-0.108202,-0.178636,
0.63581,-0.760671,-0.16038,-0.125739,0.676481,1.82791,
0,0,0,0,0,-10,
-0.100574,0.112974,0.0335861,0.0270766,-0.104819,-0.169622,
0.63581,-0.760671,-0.16038,-0.125739,0.676481,1.77791,
0,0,0,0,0,-10,
-0.0973952,0.109171,0.0327842,0.0264479,-0.101437,-0.160857,
0.63581,-0.760671,-0.16038,-0.125739,0.676481,1.72791,
0,0,0,0,0,-10,
-0.0942162,0.105367,0.0319823,0.0258192,-0.0980546,-0.152343,
0.63581,-0.760671,-0.16038,-0.125739,0.676481,1.67791,
0,0,0,0,0,-10,
-0.0910371,0.101564,0.0311804,0.0251905,-0.0946722,-0.144078,
0.63581,-0.760671,-0.16038,-0.125739,0.676481,1.62791,
0,0,0,0,0,-10,
-0.0878581,0.0977606,0.0303785,0.0245618,-0.0912898,-0.136064,
0.63581,-0.760671,-0.16038,-0.125739,0.676481,1.57791,
0,0,0,0,0,-10,
-0.084679,0.0939573,0.0295766,0.0239331,-0.0879074,-0.128299,
0.63581,-0.760671,-0.16038,-0.125739,0.676481,1.52791,
0,0,0,0,0,-10,
-0.0815,0.0901539,0.0287747,0.0233044,-0.084525,-0.120785,
0.63581,-0.760671,-0.16038,-0.125739,0.676481,1.47791,
0,0,0,0,0,-10,
-0.0783209,0.0863506,0.0279728,0.0226757,-0.0811426,-0.11352,
0.63581,-0.760671,-0.16038,-0.125739,0.676481,1.42791,
0,0,0,0,0,-10,
-0.0751419,0.0825479,0.0271709,0.022047,-0.0777602,-0.106506,
0.63581,-0.760175,-0.16038,-0.125739,0.676481,1.37791,
0,0.244072,0,0,0,-10,
-0.0719629,0.0787513,0.026369,0.0214183,-0.0743778,-0.099741,
0.63581,-0.758205,-0.16038,-0.125739,0.676481,1.32791,
0,0.544072,0,0,0,-10,
-0.0687838,0.0749683,0.0255671,0.0207896,-0.0709954,-0.0932265,
0.63581,-0.754734,-0.16038,-0.125739,0.676435,1.27791,
0,0.844072,0,0,-0.0744307,-10,
-0.0656048,0.0712065,0.0247652,0.0201609,-0.0676154,-0.0869619,
0.63581,-0.749764,-0.16038,-0.125739,0.675313,1.22791,
0,1.14407,0,0,-0.374431,-10,
-0.0624268,0.0674732,0.0239633,0.0195322,-0.0642447,-0.0809474,
0.635131,-0.743293,-0.16038,-0.125739,0.67269,1.17791,
-0.285462,1.44407,0,0,-0.674431,-10,
-0.0592559,0.063776,0.0231614,0.0189036,-0.060891,-0.0751829,
0.632953,-0.735323,-0.16038,-0.125739,0.668568,1.12791,
-0.585462,1.74407,0,0,-0.974431,-10,
-0.0560997,0.0601225,0.0223595,0.0182749,-0.0575616,-0.0696683,
0.629276,-0.725853,-0.16038,-0.125739,0.662946,1.07791,
-0.885462,2.04407,0,0,-1.27443,-10,
-0.0529657,0.05652,0.0215576,0.0176462,-0.054264,-0.0644038,
0.624099,-0.714882,-0.16038,-0.125739,0.655824,1.02791,
-1.18546,2.34407,0,0,-1.57443,-10,
-0.0498613,0.0529761,0.0207557,0.0170175,-0.0510058,-0.0593892,
0.617421,-0.702412,-0.16038,-0.125739,0.647202,0.977908,
-1.48546,2.64407,0,0,-1.87443,-10,
-0.046794,0.0494984,0.0199538,0.0163888,-0.0477945,-0.0546247,
0.609244,-0.688442,-0.16038,-0.125739,0.63708,0.927908,
-1.78546,2.94407,0,0,-2.17443,-10,
-0.0437713,0.0460942,0.0191519,0.0157601,-0.0446375,-0.0501102,
0.599567,-0.672971,-0.16038,-0.125739,0.625458,0.877908,
-2.08546,3.24407,0,0,-2.47443,-10,
-0.0408008,0.0427712,0.01835,0.0151314,-0.0415424,-0.0458456,
0.588389,-0.656001,-0.16038,-0.125739,0.612335,0.827916,
-2.38546,3.54407,0,0,-2.77443,-9.96745,
-0.0378899,0.0395367,0.0175481,0.0145027,-0.0385167,-0.0418294,
0.575712,-0.637531,-0.16038,-0.125739,0.597713,0.778829,
-2.68546,3.84407,0,0,-3.07443,-9.66745,
-0.0350462,0.0363984,0.0167462,0.013874,-0.0355678,-0.0380548,
0.561535,-0.61756,-0.16038,-0.125739,0.581591,0.731242,
-2.98546,4.14407,0,0,-3.37443,-9.36745,
-0.0322771,0.0333636,0.0159443,0.0132453,-0.0327033,-0.0345145,
0.545858,-0.59609,-0.16038,-0.125739,0.563969,0.685155,
-3.28546,4.44407,0,0,-3.67443,-9.06745,
-0.0295901,0.03044,0.0151424,0.0126166,-0.0299306,-0.0312008,
0.52868,-0.573119,-0.16038,-0.125739,0.544847,0.640568,
-3.58546,4.74407,0,0,-3.97443,-8.76745,
-0.0269928,0.0276349,0.0143405,0.0119879,-0.0272573,-0.0281063,
0.510003,-0.548649,-0.16038,-0.125739,0.524225,0.59748,
-3.88546,5.04407,0,0,-4.27443,-8.46745,
-0.0244926,0.024956,0.0135386,0.0113592,-0.0246908,-0.0252235,
0.489826,-0.522679,-0.16038,-0.125739,0.502102,0.555893,
-4.18546,5.34407,0,0,-4.57443,-8.16745,
-0.022097,0.0224106,0.0127366,0.0107305,-0.0222388,-0.0225449,
0.468148,-0.495208,-0.16038,-0.125739,0.47848,0.515806,
-4.48546,5.64407,0,0,-4.87443,-7.86745,
-0.0198136,0.0200064,0.0119347,0.0101018,-0.0199085,-0.0200629,
0.444971,-0.466238,-0.16038,-0.125739,0.453358,0.477219,
-4.78546,5.94407,0,0,-5.17443,-7.56745,
-0.0176498,0.0177507,0.0111328,0.00947309,-0.0177077,-0.0177702,
0.420294,-0.435768,-0.16038,-0.125739,0.426736,0.440131,
-5.08546,6.24407,0,0,-5.47443,-7.26745,
-0.0156132,0.0156512,0.0103309,0.0088444,-0.0156437,-0.0156591,
0.394116,-0.403797,-0.16038,-0.125739,0.398614,0.404544,
-5.38546,6.54407,0,0,-5.77443,-6.96745,
-0.0137111,0.0137152,0.00952904,0.0082157,-0.013724,-0.0137222,
0.366439,-0.370457,-0.16038,-0.125739,0.368992,0.370457,
-5.68546,6.66745,0,0,-6.07443,-6.66745,
-0.0119513,0.011945,0.00872714,0.007587,-0.0119563,-0.011952,
0.337262,-0.33787,-0.16038,-0.125739,0.33787,0.33787,
-5.98546,6.36745,0,0,-6.36745,-6.36745,
-0.0103409,0.010334,0.00792535,0.00695831,-0.0103453,-0.010341,
0.306782,-0.306782,-0.160225,-0.125739,0.306782,0.306782,
-6.06745,6.06745,0.136691,0,-6.06745,-6.06745,
-0.00888159,0.00887469,0.00712719,0.00632961,-0.00888594,-0.00888171,
0.277195,-0.277195,-0.158791,-0.125739,0.277195,0.277195,
-5.76745,5.76745,0.436691,0,-5.76745,-5.76745,
-0.00756646,0.00755956,0.00633994,0.00570091,-0.00757081,-0.00756658,
0.249108,-0.249108,-0.155858,-0.125734,0.249108,0.249108,
-5.46745,5.46745,0.736691,0.0259558,-5.46745,-5.46745,
-0.00638801,0.00638111,0.00557111,0.00507382,-0.00639236,-0.00638813,
0.222521,-0.222521,-0.151424,-0.124854,0.222521,0.222521,
-5.16745,5.16745,1.03669,0.325956,-5.16745,-5.16745,
-0.00533875,0.00533185,0.00482819,0.00445487,-0.0053431,-0.00533887,
0.197434,-0.197434,-0.145491,-0.122474,0.197434,0.197434,
-4.86745,4.86745,1.33669,0.625956,-4.86745,-4.86745,
-0.00441118,0.00440428,0.0041187,0.00385158,-0.00441553,-0.0044113,
0.173846,-0.173846,-0.138057,-0.118594,0.173846,0.173846,
-4.56745,4.56745,1.63669,0.925956,-4.56745,-4.56745,
-0.00359779,0.00359089,0.00345012,0.00327143,-0.00360214,-0.00359791,
0.151759,-0.151759,-0.129124,-0.113215,0.151759,0.151759,
-4.26745,4.26745,1.93669,1.22596,-4.26745,-4.26745,
-0.00289108,0.00288419,0.00282996,0.00272193,-0.00289543,-0.00289121,
0.131172,-0.131172,-0.118691,-0.106335,0.131172,0.131172,
-3.96745,3.96745,2.23669,1.52596,-3.96745,-3.96745,
-0.00228357,0.00227667,0.00226571,0.00221058,-0.00228792,-0.00228369,
0.112085,-0.112085,-0.106757,-0.0979551,0.112085,0.112085,
-3.66745,3.66745,2.53669,1.82596,-3.66745,-3.66745,
-0.00176774,0.00176084,0.00176489,0.00174488,-0.00177209,-0.00176786,
0.0944974,-0.0944974,-0.0933237,-0.0880754,0.0944974,0.0944974,
-3.36745,3.36745,2.83669,2.12596,-3.36745,-3.36745,
-0.00133609,0.0013292,0.00133497,0.00133232,-0.00134044,-0.00133622,
0.0784102,-0.0784102,-0.0784102,-0.0766956,0.0784102,0.0784102,
-3.06745,3.06745,3.06745,2.42596,-3.06745,-3.06745,
-0.000981135,0.000974238,0.000980015,0.000980422,-0.000985486,-0.000981259,
0.063823,-0.063823,-0.063823,-0.0638158,0.063823,0.063823,
-2.76745,2.76745,2.76745,2.72596,-2.76745,-2.76745,
-0.000695364,0.000688467,0.000694243,0.000694651,-0.000699714,-0.000695487,
0.0507357,-0.0507357,-0.0507357,-0.0507357,0.0507357,0.0507357,
-2.46745,2.46745,2.46745,2.46745,-2.46745,-2.46745,
-0.000471278,0.000464381,0.000470158,0.000470565,-0.000475628,-0.000471402,
0.0391485,-0.0391485,-0.0391485,-0.0391485,0.0391485,0.0391485,
-2.16745,2.16745,2.16745,2.16745,-2.16745,-2.16745,
-0.000301378,0.000294482,0.000300258,0.000300665,-0.000305729,-0.000301502,
0.0290613,-0.0290613,-0.0290613,-0.0290613,0.0290613,0.0290613,
-1.86745,1.86745,1.86745,1.86745,-1.86745,-1.86745,
-0.000178165,0.000171268,0.000177045,0.000177452,-0.000182515,-0.000178289,
0.0204741,-0.0204741,-0.0204741,-0.0204741,0.0204741,0.0204741,
-1.56745,1.56745,1.56745,1.56745,-1.56745,-1.56745,
-9.41379e-05,8.7241e-05,9.30176e-05,9.34249e-05,-9.84882e-05,-9.42615e-05,
0.0133868,-0.0133868,-0.0133868,-0.0133868,0.0133868,0.0133868,
-1.26745,1.26745,1.26745,1.26745,-1.26745,-1.26745,
-4.17968e-05,3.48999e-05,4.06765e-05,4.10839e-05,-4.61471e-05,-4.19205e-05,
0.0077996,-0.0077996,-0.0077996,-0.0077996,0.0077996,0.0077996,
-0.967446,0.967446,0.967446,0.967446,-0.967446,-0.967446,
-1.36419e-05,6.74504e-06,1.25216e-05,1.2929e-05,-1.79922e-05,-1.37656e-05,
0.00371237,-0.00371237,-0.00371237,-0.00371237,0.00371237,0.00371237,
-0.667446,0.667446,0.667446,0.667446,-0.667446,-0.667446,
-2.17316e-06,-4.72371e-06,1.05284e-06,1.46022e-06,-6.52345e-06,-2.29682e-06,
0.00112514,-0.00112514,-0.00112514,-0.00112514,0.00112514,0.00112514,
-0.367446,0.367446,0.367446,0.367446,-0.367446,-0.367446,
1.09456e-07,-7.00633e-06,-1.22977e-06,-8.22391e-07,-4.24084e-06,-1.4204e-08,
3.79078e-05,-3.79078e-05,-3.79078e-05,-3.79078e-05,3.79078e-05,3.79078e-05,
-0.0674458,0.0674458,0.0674458,0.0674458,-0.0674458,-0.0674458,
1.2366e-07,-7.02053e-06,-1.24398e-06,-8.36595e-07,-4.22663e-06,0,
0,0,0,0,0,0,
0,0,0,0,0,0,