-0.962065, -0.000734; -0.641755, 0.000000; 0.287617, 0.000000; -0.513226, 0.000000; 0.827487, 0.000000; -0.652007, 0.000000; 
-0.962065, 0.000000; -0.641755, 0.000000; 0.287617, 0.000000; -0.513226, 0.000000; 0.827487, 0.000000; -0.652007, 0.000000; 
-0.962065, 0.000000; -0.641755, 0.000000; 0.287617, 0.000000; -0.513233, -0.001453; 0.827487, 0.000000; -0.652007, 0.000000; 
-0.962069, -0.000734; -0.641751, 0.000734; 0.287617, 0.000000; -0.513233, 0.000000; 0.827487, 0.000000; -0.652007, 0.000000; 
-0.962069, 0.000000; -0.641747, 0.000734; 0.287617, 0.000000; -0.513233, 0.000000; 0.827487, 0.000000; -0.652007, 0.000000; 
-0.962072, -0.000734; -0.641747, 0.000000; 0.287617, 0.000000; -0.513233, 0.000000; 0.827487, 0.000000; -0.652007, 0.000000; 
-0.962072, 0.000000; -0.641743, 0.000734; 0.287614, -0.000734; -0.513226, 0.001453; 0.827479, -0.001453; -0.652007, 0.000000; 
-0.962076, -0.000734; -0.641740, 0.000734; 0.287614, 0.000000; -0.513226, 0.000000; 0.827479, 0.000000; -0.652007, 0.000000; 
-0.962080, -0.000734; -0.641736, 0.000734; 0.287614, 0.000000; -0.513226, 0.000000; 0.827479, 0.000000; -0.652007, 0.000000; 
-0.962080, 0.000000; -0.641736, 0.000000; 0.287614, 0.000000; -0.513226, 0.000000; 0.827479, 0.000000; -0.652007, 0.000000; 
-0.962076, 0.000734; -0.641736, 0.000000; 0.287614, 0.000000; -0.513218, 0.001453; 0.827479, 0.000000; -0.652007, 0.000000; 
-0.962076, 0.000000; -0.641736, 0.000000; 0.287614, 0.000000; -0.513218, 0.000000; 0.827472, -0.001453; -0.652007, 0.000000; 
-0.962072, 0.000734; -0.641736, 0.000000; 0.287614, 0.000000; -0.513218, 0.000000; 0.827472, 0.000000; -0.652007, 0.000000; 
-0.962069, 0.000734; -0.641733, 0.000734; 0.287610, -0.000734; -0.513211, 0.001453; 0.827472, 0.000000; -0.652007, 0.000000; 
-0.962069, 0.000000; -0.641722, 0.002201; 0.287610, 0.000000; -0.513211, 0.000000; 0.827465, -0.001453; -0.652007, 0.000000; 
-0.962069, 0.000000; -0.641703, 0.003668; 0.287606, -0.000734; -0.513204, 0.001453; 0.827465, 0.000000; -0.652007, 0.000000; 
-0.962072, -0.000734; -0.641677, 0.005135; 0.287599, -0.001467; -0.513197, 0.001453; 0.827457, -0.001453; -0.652007, 0.000000; 
-0.962080, -0.001467; -0.641637, 0.008070; 0.287592, -0.001467; -0.513189, 0.001453; 0.827457, 0.000000; -0.652007, 0.000000; 
-0.962087, -0.001467; -0.641582, 0.011004; 0.287588, -0.000734; -0.513175, 0.002906; 0.827450, -0.001453; -0.652007, 0.000000; 
-0.962102, -0.002934; -0.641490, 0.018340; 0.287584, -0.000734; -0.513168, 0.001453; 0.827450, 0.000000; -0.652007, 0.000000; 
-0.962113, -0.002201; -0.641369, 0.024209; 0.287584, 0.000000; -0.513168, 0.000000; 0.827450, 0.000000; -0.652007, 0.000000; 
-0.962120, -0.001467; -0.641256, 0.022742; 0.287584, 0.000000; -0.513168, 0.000000; 0.827450, 0.000000; -0.652007, 0.000000; 
-0.962120, 0.000000; -0.641160, 0.019074; 0.287584, 0.000000; -0.513146, 0.004358; 0.827450, 0.000000; -0.652007, 0.000000; 
-0.962116, 0.000734; -0.641076, 0.016873; 0.287577, -0.001467; -0.513124, 0.004358; 0.827450, 0.000000; -0.652007, 0.000000; 
-0.962116, 0.000000; -0.640999, 0.015406; 0.287570, -0.001467; -0.513102, 0.004358; 0.827443, -0.001453; -0.652007, 0.000000; 
-0.962113, 0.000734; -0.640904, 0.019074; 0.287559, -0.002201; -0.513095, 0.001453; 0.827443, 0.000000; -0.652007, 0.000000; 
-0.962113, 0.000000; -0.640790, 0.022742; 0.287544, -0.002934; -0.513073, 0.004358; 0.827443, 0.000000; -0.652007, 0.000000; 
-0.962113, 0.000000; -0.640628, 0.032279; 0.287522, -0.004402; -0.513051, 0.004358; 0.827443, 0.000000; -0.652007, 0.000000; 
-0.962113, 0.000000; -0.640405, 0.044750; 0.287493, -0.005869; -0.513037, 0.002906; 0.827443, 0.000000; -0.652007, 0.000000; 
-0.962113, 0.000000; -0.640152, 0.050619; 0.287452, -0.008070; -0.513037, 0.000000; 0.827443, 0.000000; -0.652007, 0.000000; 
-0.962116, -0.000734; -0.639913, 0.047684; 0.287419, -0.006602; -0.513037, 0.000000; 0.827443, 0.000000; -0.652007, 0.000000; 
-0.962116, 0.000000; -0.639682, 0.046217; 0.287383, -0.007336; -0.513037, 0.000000; 0.827443, 0.000000; -0.652007, 0.000000; 
-0.962120, -0.000734; -0.639466, 0.043283; 0.287339, -0.008803; -0.513029, 0.001453; 0.827443, 0.000000; -0.652007, 0.000000; 
-0.962124, -0.000734; -0.639235, 0.046217; 0.287280, -0.011738; -0.513029, 0.000000; 0.827443, 0.000000; -0.652007, 0.000000; 
-0.962131, -0.001467; -0.638989, 0.049152; 0.287188, -0.018340; -0.513015, 0.002906; 0.827443, 0.000000; -0.652007, 0.000000; 
-0.962131, 0.000000; -0.638677, 0.062356; 0.287060, -0.025676; -0.513000, 0.002906; 0.827443, 0.000000; -0.652007, 0.000000; 
-0.962131, 0.000000; -0.638266, 0.082164; 0.286902, -0.031545; -0.512993, 0.001453; 0.827450, 0.001453; -0.652007, 0.000000; 
-0.962127, 0.000734; -0.637800, 0.093168; 0.286744, -0.031545; -0.512993, 0.000000; 0.827450, 0.000000; -0.652007, 0.000000; 
-0.962124, 0.000734; -0.637353, 0.089500; 0.286598, -0.029344; -0.512993, 0.000000; 0.827450, 0.000000; -0.652007, 0.000000; 
-0.962120, 0.000734; -0.636898, 0.090967; 0.286477, -0.024209; -0.512993, 0.000000; 0.827450, 0.000000; -0.652007, 0.000000; 
-0.962120, 0.000000; -0.636443, 0.090967; 0.286374, -0.020541; -0.512993, 0.000000; 0.827450, 0.000000; -0.652007, 0.000000; 
-0.962120, 0.000000; -0.635970, 0.094635; 0.286275, -0.019807; -0.512993, 0.000000; 0.827450, 0.000000; -0.652007, 0.000000; 
-0.962120, 0.000000; -0.635423, 0.109307; 0.286187, -0.017607; -0.512993, 0.000000; 0.827450, 0.000000; -0.652007, 0.000000; 
-0.962120, 0.000000; -0.634778, 0.129115; 0.286099, -0.017607; -0.512986, 0.001453; 0.827450, 0.000000; -0.652007, 0.000000; 
-0.962120, 0.000000; -0.634132, 0.129115; 0.286014, -0.016873; -0.512986, 0.000000; 0.827450, 0.000000; -0.652007, 0.000000; 
-0.962116, 0.000734; -0.633494, 0.127647; 0.285934, -0.016139; -0.512986, 0.000000; 0.827450, 0.000000; -0.652007, 0.000000; 
-0.962116, 0.000000; -0.632918, 0.115176; 0.285842, -0.018340; -0.512971, 0.002906; 0.827457, 0.001453; -0.652007, 0.000000; 
-0.962116, 0.000000; -0.632295, 0.124713; 0.285732, -0.022008; -0.512964, 0.001453; 0.827457, 0.000000; -0.652007, 0.000000; 
-0.962116, 0.000000; -0.631583, 0.142319; 0.285611, -0.024209; -0.512964, 0.000000; 0.827457, 0.000000; -0.652007, 0.000000; 
-0.962109, 0.001467; -0.630802, 0.156258; 0.285479, -0.026410; -0.512964, 0.000000; 0.827457, 0.000000; -0.652007, 0.000000; 
-0.962094, 0.002934; -0.629936, 0.173131; 0.285325, -0.030811; -0.512964, 0.000000; 0.827457, 0.000000; -0.652007, 0.000000; 
-0.962080, 0.002934; -0.629100, 0.167262; 0.285171, -0.030811; -0.512964, 0.000000; 0.827465, 0.001453; -0.652007, 0.000000; 
-0.962065, 0.002934; -0.628363, 0.147455; 0.285020, -0.030078; -0.512964, 0.000000; 0.827465, 0.000000; -0.652007, 0.000000; 
-0.962058, 0.001467; -0.627666, 0.139385; 0.284859, -0.032279; -0.512964, 0.000000; 0.827465, 0.000000; -0.652007, 0.000000; 
-0.962058, 0.000000; -0.626983, 0.136451; 0.284676, -0.036680; -0.512964, 0.000000; 0.827472, 0.001453; -0.652007, 0.000000; 
-0.962058, 0.000000; -0.626275, 0.141586; 0.284426, -0.049885; -0.512964, 0.000000; 0.827472, 0.000000; -0.652007, 0.000000; 
-0.962058, 0.000000; -0.625425, 0.170197; 0.284118, -0.061623; -0.512964, 0.000000; 0.827472, 0.000000; -0.652007, 0.000000; 
-0.962054, 0.000734; -0.624511, 0.182668; 0.283740, -0.075561; -0.512964, 0.000000; 0.827479, 0.001453; -0.652007, 0.000000; 
-0.962043, 0.002201; -0.623484, 0.205410; 0.283359, -0.076295; -0.512971, -0.001453; 0.827479, 0.000000; -0.652007, 0.000000; 
-0.962025, 0.003668; -0.622450, 0.206877; 0.282952, -0.081430; -0.512971, 0.000000; 0.827487, 0.001453; -0.652007, 0.000000; 
-0.962006, 0.003668; -0.621448, 0.200274; 0.282548, -0.080697; -0.512971, 0.000000; 0.827487, 0.000000; -0.652007, 0.000000; 
-0.961992, 0.002934; -0.620502, 0.189270; 0.282130, -0.083631; -0.512971, 0.000000; 0.827487, 0.000000; -0.652007, 0.000000; 
-0.961977, 0.002934; -0.619596, 0.181201; 0.281694, -0.087299; -0.512964, 0.001453; 0.827494, 0.001453; -0.652007, 0.000000; 
-0.961966, 0.002201; -0.618767, 0.165795; 0.281173, -0.104172; -0.512964, 0.000000; 0.827494, 0.000000; -0.652007, 0.000000; 
-0.961940, 0.005135; -0.617854, 0.182668; 0.280597, -0.115176; -0.512957, 0.001453; 0.827494, 0.000000; -0.652007, 0.0000
-0.961849, 0.018340; -0.616684, 0.234020; 0.279940, -0.131315; -0.512957, 0.000000; 0.827494, 0.000000; -0.652007, 0.000000; 
-0.961702, 0.029344; -0.615645, 0.207610; 0.279412, -0.105639; -0.512957, 0.000000; 0.827494, 0.000000; -0.652007, 0.000000; 
-0.961511, 0.038147; -0.614633, 0.202475; 0.278965, -0.089500; -0.512957, 0.000000; 0.827501, 0.001453; -0.652007, 0.000000; 
-0.961320, 0.038147; -0.613720, 0.182668; 0.278550, -0.082897; -0.512957, 0.000000; 0.827501, 0.000000; -0.652007, 0.000000; 
-0.961155, 0.033012; -0.612781, 0.187803; 0.278143, -0.081430; -0.512957, 0.000000; 0.827508, 0.001453; -0.652007, 0.000000; 
-0.961012, 0.028611; -0.611743, 0.207610; 0.277703, -0.088033; -0.512957, 0.000000; 0.827508, 0.000000; -0.652007, 0.000000; 
-0.960877, 0.027143; -0.610547, 0.239155; 0.277204, -0.099770; -0.512957, 0.000000; 0.827508, 0.000000; -0.652007, 0.000000; 
-0.960693, 0.036680; -0.609237, 0.261897; 0.276709, -0.099037; -0.512957, 0.000000; 0.827516, 0.001453; -0.652007, 0.000000; 
-0.960444, 0.049885; -0.607983, 0.250893; 0.276214, -0.099037; -0.512957, 0.000000; 0.827516, 0.000000; -0.652007, 0.000000; 
-0.960125, 0.063824; -0.606817, 0.233287; 0.275737, -0.095369; -0.512957, 0.000000; 0.827516, 0.000000; -0.652007, 0.000000; 
-0.959773, 0.070426; -0.605764, 0.210545; 0.275271, -0.093168; -0.512950, 0.001453; 0.827516, 0.000000; -0.652007, 0.000000; 
-0.959391, 0.076295; -0.604660, 0.220815; 0.274754, -0.103438; -0.512942, 0.001453; 0.827516, 0.000000; -0.652007, 0.000000; 
-0.959010, 0.076295; -0.603427, 0.246492; 0.274233, -0.104172; -0.512942, 0.000000; 0.827516, 0.000000; -0.652007, 0.000000; 
-0.958621, 0.077762; -0.602129, 0.259696; 0.273734, -0.099770; -0.512942, 0.000000; 0.827516, 0.000000; -0.652007, 0.000000; 
-0.958221, 0.079963; -0.600764, 0.272901; 0.273275, -0.091701; -0.512935, 0.001453; 0.827516, 0.000000; -0.652007, 0.000000; 
-0.957740, 0.096102; -0.599425, 0.267766; 0.272828, -0.089500; -0.512913, 0.004358; 0.827516, 0.000000; -0.652007, 0.000000; 
-0.957242, 0.099770; -0.598061, 0.272901; 0.272388, -0.088033; -0.512841, 0.014528; 0.827516, 0.000000; -0.652007, 0.000000; 
-0.956706, 0.107106; -0.596675, 0.277303; 0.271959, -0.085832; -0.512826, 0.002906; 0.827523, 0.001453; -0.652007, 0.000000; 
-0.956138, 0.113709; -0.595284, 0.278036; 0.271526, -0.086565; -0.512826, 0.000000; 0.827523, 0.000000; -0.652007, 0.000000; 
-0.955543, 0.118844; -0.593879, 0.280971; 0.271038, -0.097570; -0.512804, 0.004358; 0.827523, 0.000000; -0.652007, 0.000000; 
-0.954923, 0.123979; -0.592387, 0.298577; 0.270455, -0.116643; -0.512739, 0.013075; 0.827523, 0.000000; -0.652007, 0.000000; 
-0.954285, 0.127647; -0.590820, 0.313250; 0.269794, -0.132049; -0.512477, 0.052302; 0.827523, 0.000000; -0.652007, 0.000000; 
-0.953621, 0.132783; -0.589203, 0.323520; 0.269109, -0.137184; -0.511969, 0.101698; 0.827523, 0.000000; -0.652007, 0.000000; 
-0.952910, 0.142319; -0.587725, 0.295643; 0.268426, -0.136451; -0.511439, 0.106056; 0.827523, 0.000000; -0.652007, 0.000000; 
-0.952125, 0.156992; -0.586246, 0.295643; 0.267755, -0.134250; -0.510872, 0.113320; 0.827523, 0.000000; -0.652007, 0.000000; 
-0.951307, 0.163594; -0.584687, 0.311782; 0.267095, -0.132049; -0.510160, 0.142377; 0.827523, 0.000000; -0.652007, 0.000000; 
-0.950540, 0.153324; -0.583015, 0.334524; 0.266427, -0.133516; -0.509572, 0.117679; 0.827530, 0.001453; -0.652007, 0.000000; 
-0.949843, 0.139385; -0.581309, 0.341127; 0.265807, -0.123979; -0.509245, 0.065377; 0.827545, 0.002906; -0.652007, 0.000000; 
-0.949121, 0.144520; -0.579545, 0.352864; 0.265165, -0.128381; -0.509172, 0.014528; 0.827552, 0.001453; -0.652007, 0.000000; 
-0.948361, 0.151856; -0.577707, 0.367536; 0.264491, -0.134983; -0.509187, -0.002906; 0.827559, 0.001453; -0.652007, 0.000000; 
-0.947518, 0.168729; -0.575884, 0.364602; 0.263838, -0.130582; -0.509201, -0.002906; 0.827574, 0.002906; -0.652007, 0.000000; 
-0.944477, 0.415221; -0.570679, 0.696925; 0.262106, -0.223016; -0.509201, 0.000000; 0.827596, 0.001453; -0.652007, 0.000000; 
-0.943512, 0.192938; -0.568849, 0.366069; 0.261563, -0.108574; -0.509194, 0.001453; 0.827603, 0.001453; -0.652007, 0.000000; 
-0.942613, 0.179733; -0.566978, 0.374139; 0.261032, -0.106373; -0.509194, 0.000000; 0.827610, 0.001453; -0.652007, 0.000000; 
-0.941682, 0.186336; -0.565012, 0.393213; 0.260551, -0.096102; -0.509194, 0.000000; 0.827617, 0.001453; -0.652007, 0.000000; 
-0.940585, 0.219348; -0.563042, 0.393946; 0.260089, -0.092434; -0.509201, -0.001453; 0.827625, 0.001453; -0.652007, 0.000000; 
-0.939375, 0.242090; -0.561054, 0.397614; 0.259623, -0.093168; -0.509194, 0.001453; 0.827632, 0.001453; -0.652007, 0.000000; 
-0.938069, 0.261164; -0.558993, 0.412286; 0.259110, -0.102705; -0.509201, -0.001453; 0.827646, 0.002906; -0.652007, 0.000000; 
-0.936789, 0.256028; -0.556917, 0.415221; 0.258563, -0.109307; -0.509201, 0.000000; 0.827661, 0.002906; -0.652007, 0.000000; 
-0.935516, 0.254561; -0.554749, 0.433561; 0.257972, -0.118111; -0.509201, 0.000000; 0.827675, 0.002906; -0.652007, 0.000000; 
-0.934247, 0.253828; -0.552651, 0.419622; 0.257356, -0.123246; -0.509209, -0.001453; 0.827690, 0.002906; -0.652007, 0.000000; 
-0.932919, 0.265565; -0.550553, 0.419622; 0.256722, -0.126914; -0.509216, -0.001453; 0.827719, 0.005811; -0.652014, -0.001453; 
-0.931463, 0.291241; -0.548469, 0.416688; 0.256047, -0.134983; -0.509223, -0.001453; 0.827763, 0.008717; -0.652014, 0.000000; 
-0.929996, 0.293442; -0.546327, 0.428426; 0.255405, -0.128381; -0.509223, 0.000000; 0.827951, 0.037774; -0.652014, 0.000000; 
-0.928462, 0.306647; -0.544086, 0.448233; 0.254803, -0.120311; -0.509238, -0.002906; 0.828380, 0.085717; -0.652014, 0.000000; 
-0.926867, 0.319118; -0.541981, 0.421090; 0.254227, -0.115176; -0.509238, 0.000000; 0.829027, 0.129302; -0.652014, 0.000000; 
-0.925227, 0.327922; -0.539857, 0.424758; 0.253666, -0.112242; -0.509238, 0.000000; 0.829811, 0.156905; -0.652014, 0.000000; 
-0.923595, 0.326454; -0.537799, 0.411553; 0.253116, -0.110041; -0.509252, -0.002906; 0.830676, 0.172886; -0.652014, 0.000000; 
-0.921933, 0.332323; -0.535767, 0.406418; 0.252536, -0.115910; -0.509252, 0.000000; 0.831605, 0.185962; -0.652014, 0.000000; 
-0.920161, 0.354332; -0.533680, 0.417422; 0.251953, -0.116643; -0.509267, -0.002906; 0.832564, 0.191773; -0.652014, 0.000000; 
-0.918239, 0.384409; -0.531578, 0.420356; 0.251344, -0.121779; -0.509274, -0.001453; 0.833479, 0.183056; -0.652014, 0.000000; 
-0.916394, 0.369004; -0.529410, 0.433561; 0.250684, -0.132049; -0.509267, 0.001453; 0.834329, 0.169981; -0.652014, 0.000000; 
-0.914494, 0.380008; -0.527176, 0.446766; 0.249987, -0.139385; -0.509274, -0.001453; 0.835310, 0.196132; -0.652014, 0.000000; 
-0.912565, 0.385877; -0.524884, 0.458503; 0.249298, -0.137918; -0.509303, -0.005811; 0.836443, 0.226641; -0.652014, 0.000000; 
-0.910669, 0.379274; -0.522720, 0.432827; 0.248615, -0.136451; -0.509303, 0.000000; 0.837751, 0.261509; -0.652014, 0.000000; 
-0.908629, 0.407885; -0.520545, 0.435028; 0.248014, -0.120311; -0.509303, 0.000000; 0.839196, 0.289113; -0.652014, 0.000000; 
-0.906777, 0.370471; -0.518384, 0.432094; 0.247471, -0.108574; -0.509303, 0.000000; 0.840802, 0.321075; -0.652014, 0.000000; 
-0.904917, 0.371938; -0.516169, 0.443098; 0.246957, -0.102705; -0.509303, 0.000000; 0.842589, 0.357395; -0.652014, 0.000000; 
-0.902973, 0.388811; -0.513891, 0.455569; 0.246466, -0.098303; -0.509318, -0.002906; 0.844681, 0.418414; -0.652014, 0.000000; 
-0.900930, 0.408618; -0.511580, 0.462172; 0.246000, -0.093168; -0.509332, -0.002906; 0.846867, 0.437301; -0.652014, 0.000000; 
-0.898817, 0.422557; -0.509397, 0.436495; 0.245549, -0.090233; -0.509332, 0.000000; 0.849199, 0.466357; -0.652014, 0.000000; 
-0.896638, 0.435762; -0.507307, 0.418155; 0.245112, -0.087299; -0.509339, -0.001453; 0.851676, 0.495414; -0.652014, 0.000000; 
-0.880264, 0.512790; -0.493130, 0.437963; 0.242013, -0.077029; -0.509339, 0.000000; 0.871587, 0.614546; -0.652014, 0.000000; 
-0.877653, 0.522327; -0.491068, 0.412286; 0.241683, -0.066025; -0.509332, 0.001453; 0.874391, 0.560791; -0.652014, 0.000000; 
-0.875063, 0.517926; -0.488952, 0.423290; 0.241342, -0.068225; -0.509332, 0.000000; 0.877050, 0.531735; -0.652014, 0.000000; 
-0.872437, 0.525262; -0.486835, 0.423290; 0.241030, -0.062356; -0.509332, 0.000000; 0.879578, 0.505584; -0.652014, 0.000000; 
-0.869638, 0.559741; -0.484704, 0.426225; 0.240740, -0.057955; -0.509332, 0.000000; 0.881997, 0.483791; -0.652014, 0.000000; 
-0.866894, 0.548737; -0.482606, 0.419622; 0.240480, -0.052086; -0.509339, -0.001453; 0.884285, 0.457640; -0.652014, 0.000000; 
-0.864088, 0.561208; -0.480618, 0.397614; 0.240237, -0.048418; -0.509332, 0.001453; 0.886551, 0.453282; -0.652014, 0.000000; 
-0.861275, 0.562675; -0.478670, 0.389545; 0.239981, -0.051352; -0.509339, -0.001453; 0.888549, 0.399527; -0.652007, 0.001453; 
-0.858396, 0.575880; -0.476690, 0.396147; 0.239713, -0.053553; -0.509339, 0.000000; 0.890430, 0.376282; -0.652007, 0.000000; 
-0.855520, 0.575147; -0.474900, 0.358000; 0.239453, -0.052086; -0.509339, 0.000000; 0.892217, 0.357395; -0.652007, 0.000000; 
-0.852486, 0.606692; -0.473080, 0.363868; 0.239148, -0.060889; -0.509339, 0.000000; 0.893648, 0.286207; -0.652007, 0.000000; 
-0.849644, 0.568544; -0.471206, 0.374872; 0.238792, -0.071160; -0.509339, 0.000000; 0.895029, 0.276037; -0.652007, 0.000000; 
-0.846827, 0.563409; -0.469376, 0.366069; 0.238418, -0.074828; -0.509339, 0.000000; 0.896336, 0.261509; -0.652007, 0.000000; 
-0.844068, 0.551672; -0.467501, 0.374872; 0.238037, -0.076295; -0.509339, 0.000000; 0.897811, 0.294924; -0.652007, 0.000000; 
-0.841314, 0.550938; -0.465733, 0.353598; 0.237663, -0.074828; -0.509339, 0.000000; 0.899067, 0.251339; -0.652007, 0.000000; 
-0.838559, 0.550938; -0.464031, 0.340393; 0.237325, -0.067492; -0.509339, 0.000000; 0.900106, 0.207754; -0.652007, 0.000000; 
-0.835786, 0.554606; -0.462399, 0.326454; 0.237028, -0.059422; -0.509332, 0.001453; 0.900905, 0.159811; -0.652007, 0.000000; 
-0.832973, 0.562675; -0.460774, 0.324987; 0.236760, -0.053553; -0.509332, 0.000000; 0.901472, 0.113320; -0.652007, 0.000000; 
-0.830155, 0.563409; -0.459123, 0.330123; 0.236544, -0.043283; -0.509325, 0.001453; 0.901850, 0.075547; -0.652007, 0.000000; 
-0.827151, 0.600823; -0.457491, 0.326454; 0.236371, -0.034479; -0.509332, -0.001453; 0.902031, 0.036321; -0.652007, 0.000000; 
-0.824290, 0.572212; -0.455907, 0.316918; 0.236254, -0.023475; -0.509332, 0.000000; 0.902082, 0.010170; -0.652007, 0.000000; 
-0.821404, 0.577348; -0.454311, 0.319118; 0.236173, -0.016139; -0.509332, 0.000000; 0.902082, 0.000000; -0.652007, 0.000000; 
-0.818693, 0.542135; -0.452701, 0.322053; 0.236144, -0.005869; -0.509332, 0.000000; 0.902082, 0.000000; -0.652007, 0.000000; 
-0.815872, 0.564143; -0.451164, 0.307381; 0.236155, 0.002201; -0.509339, -0.001453; 0.902089, 0.001453; -0.652007, 0.000000; 
-0.813132, 0.548003; -0.449719, 0.289041; 0.236162, 0.001467; -0.509339, 0.000000; 0.902097, 0.001453; -0.652007, 0.000000; 
-0.810414, 0.543602; -0.448328, 0.278036; 0.236162, 0.000000; -0.509347, -0.001453; 0.902118, 0.004358; -0.652007, 0.000000; 
-0.807663, 0.550204; -0.447041, 0.257496; 0.236162, 0.000000; -0.509347, 0.000000; 0.902147, 0.005811; -0.652007, 0.000000; 
-0.804985, 0.535532; -0.445790, 0.250160; 0.236166, 0.000734; -0.509347, 0.000000; 0.902162, 0.002906; -0.652007, 0.000000; 
-0.802132, 0.570745; -0.444682, 0.221549; 0.236162, -0.000734; -0.509339, 0.001453; 0.902191, 0.005811; -0.652007, 0.000000; 
-0.799274, 0.571479; -0.443600, 0.216414; 0.236155, -0.001467; -0.509339, 0.000000; 0.902213, 0.004358; -0.652007, 0.000000;
-0.759696, 2.488390; -0.433319, 0.379274; 0.236166, 0.000000; -0.509368, 0.000000; 0.902663, 0.026151; -0.652007, 0.000000; 
-0.756597, 0.619897; -0.432945, 0.074828; 0.236162, -0.000734; -0.509361, 0.001453; 0.902663, 0.000000; -0.652007, 0.000000; 
R